2.041417732834815979e-02
1.338558495044708252e-01
4.256304502487182617e-01
3.903321623802185059e-01
-3.334564343094825745e-02
1.259302049875259399e-01
4.582116007804870605e-01
3.635030090808868408e-01
2.711071670055389404e-01
-1.316707134246826172e-01
-1.116699352860450745e-02
3.008624017238616943e-01
8.020892739295959473e-02
2.941758744418621063e-02
-2.296789437532424927e-01
8.481498807668685913e-02
8.430199697613716125e-03
-2.629405260086059570e-01
-2.567023336887359619e-01
-1.640589237213134766e-01
-2.323078364133834839e-01
-3.104772567749023438e-01
-3.767337203025817871e-01
-2.308279424905776978e-01
-2.306100428104400635e-01
2.049236893653869629e-01
3.538354635238647461e-01
1.460075229406356812e-01
1.189510971307754517e-01
2.999371290206909180e-01
1.621934473514556885e-01
1.639931350946426392e-01
3.926976025104522705e-02
4.366128146648406982e-02
1.459244340658187866e-01
-2.130711227655410767e-01
-2.059392333030700684e-01
-2.245619148015975952e-01
-8.358388207852840424e-03
-2.971683144569396973e-01
-2.323910146951675415e-01
-5.683381557464599609e-01
-6.569727659225463867e-01
-4.885433614253997803e-01
-4.147745668888092041e-01
-2.453048676252365112e-01
-8.520113676786422729e-02
-1.533994227647781372e-01
-3.145019412040710449e-01
-2.231005430221557617e-01
-2.837833948433399200e-03
-3.148715198040008545e-01
-1.891516596078872681e-01
2.129234820604324341e-01
5.867170095443725586e-01
-1.008638143539428711e-01
-2.226858288049697876e-01
1.077969465404748917e-02
3.310528695583343506e-01
7.802909016609191895e-01
-1.207942590117454529e-01
-2.096928060054779053e-01
-7.483823597431182861e-02
4.852103888988494873e-01
7.209755778312683105e-01
-1.023068353533744812e-01
8.514254540205001831e-02
1.755049228668212891e-01
4.979666173458099365e-01
4.015569686889648438e-01
-2.247537076473236084e-01
-1.848443150520324707e-01
6.951074302196502686e-02
5.499981045722961426e-01
3.806263804435729980e-01
-7.198853045701980591e-02
-1.295313835144042969e-01
-2.150912284851074219e-01
-3.608681559562683105e-01
-9.056148678064346313e-02
-9.340519458055496216e-02
-1.333838403224945068e-01
-4.298568516969680786e-02
-2.678573131561279297e-01
-6.756654381752014160e-02
1.870702505111694336e-01
3.946362137794494629e-01
4.835531860589981079e-02
9.072804450988769531e-02
-1.157594174146652222e-01
2.893155515193939209e-01
5.396374464035034180e-01
3.394308388233184814e-01
1.021041572093963623e-01
-2.257449626922607422e-01
3.177134096622467041e-01
2.977112829685211182e-01
4.088405519723892212e-02
-7.402627915143966675e-02
-1.095314547419548035e-01
-3.295978903770446777e-02
1.581816524267196655e-01
3.985397145152091980e-02
3.662812411785125732e-01
4.374138414859771729e-01
-8.587578684091567993e-02
-4.785097390413284302e-02
4.199341535568237305e-01
3.372454941272735596e-01
3.686214387416839600e-01
-7.015731185674667358e-02
5.585046857595443726e-02
3.303430080413818359e-01
3.585254549980163574e-01
2.441789805889129639e-01
-3.046133220195770264e-01
-9.140752255916595459e-02
-1.023588180541992188e-01
-2.468678206205368042e-01
-3.299982249736785889e-01
-1.552807837724685669e-01
-3.182711899280548096e-01
-2.784489095211029053e-01
-1.949107795953750610e-01
-6.693042069673538208e-02
2.360111773014068604e-01
3.755788207054138184e-01
1.624428778886795044e-01
1.913962811231613159e-01
1.863239407539367676e-01
4.092985093593597412e-01
3.644324839115142822e-01
-6.576474010944366455e-02
-1.449644118547439575e-01
-1.265455186367034912e-01
3.318192064762115479e-02
-9.044251590967178345e-02
-2.912253141403198242e-01
-4.059825241565704346e-01
-2.221600115299224854e-01
-3.099765256047248840e-02
-1.855861693620681763e-01
-3.130349218845367432e-01
-4.416711628437042236e-01
-2.532654404640197754e-01
2.564321160316467285e-01
-1.366410255432128906e-01
-1.015202999114990234e-01
1.773417443037033081e-01
1.291945576667785645e-01
