1.789981871843338013e-01
-2.950175106525421143e-01
2.154013216495513916e-01
-2.900589704513549805e-01
2.883355319499969482e-01
3.290377855300903320e-01
-2.051776647567749023e-01
2.602522671222686768e-01
1.911720782518386841e-01
-2.172173559665679932e-01
-1.013135816901922226e-02
-1.618144661188125610e-01
4.981525838375091553e-01
-8.564089983701705933e-02
2.029476314783096313e-01
-1.911544948816299438e-01
-4.498129487037658691e-01
3.065703809261322021e-01
-1.865342855453491211e-01
2.757264077663421631e-01
-2.709174156188964844e-01
4.480617642402648926e-01
3.470592498779296875e-01
4.784380272030830383e-02
1.639615297317504883e-01
-3.009696900844573975e-01
-3.152785589918494225e-03
-1.505792587995529175e-01
-1.306637525558471680e-01
-6.945615261793136597e-02
-1.899041533470153809e-01
-1.368083655834197998e-01
3.829359263181686401e-02
2.743012085556983948e-02
1.613967865705490112e-01
-2.091085165739059448e-01
-4.213659167289733887e-01
-6.088643893599510193e-02
1.850456148386001587e-01
2.590190172195434570e-01
-5.887303948402404785e-01
2.421887665987014771e-01
1.474034190177917480e-01
1.176390647888183594e-01
1.835599392652511597e-01
2.138149142265319824e-01
-3.297023773193359375e-01
1.163562908768653870e-01
-5.989196300506591797e-01
1.372747868299484253e-01
1.532567143440246582e-01
-3.119296431541442871e-01
1.456915140151977539e-01
-2.469467073678970337e-01
2.025991380214691162e-01
1.533434242010116577e-01
3.769603371620178223e-01
-4.154478013515472412e-01
2.714616954326629639e-01
-3.133775433525443077e-03
-1.306598484516143799e-01
3.850046545267105103e-02
-3.756260573863983154e-01
-4.545350074768066406e-01
7.072792202234268188e-02
2.747880518436431885e-01
-9.824781119823455811e-02
-4.763249754905700684e-01
4.229861795902252197e-01
1.827381998300552368e-01
-1.135215237736701965e-01
-3.081608563661575317e-03
1.474289596080780029e-01
-5.030739679932594299e-02
1.289083994925022125e-02
-5.006772875785827637e-01
-3.717450052499771118e-02
-1.200840473175048828e-01
7.570353895425796509e-02
2.167302072048187256e-01
2.931614518165588379e-01
2.354139983654022217e-01
-3.106707632541656494e-01
2.080479264259338379e-01
-2.093050479888916016e-01
3.506532311439514160e-01
2.573913037776947021e-01
-2.810322642326354980e-01
1.991947740316390991e-01
3.409192264080047607e-01
-9.442161768674850464e-02
-2.954979538917541504e-01
3.845123946666717529e-02
-2.360985130071640015e-01
3.468989431858062744e-01
-1.511614173650741577e-01
-2.381146550178527832e-01
3.083317577838897705e-01
-1.485342066735029221e-02
1.274112164974212646e-01
-9.959338605403900146e-02
2.847300767898559570e-01
7.588273845613002777e-03
-5.630256980657577515e-02
-1.427968889474868774e-01
-2.087671607732772827e-01
-1.778357475996017456e-01
2.584020197391510010e-01
-3.350945711135864258e-01
1.542440354824066162e-01
1.184354349970817566e-01
-2.951669991016387939e-01
1.372674107551574707e-02
-2.470503449440002441e-01
-1.822414398193359375e-01
4.201033711433410645e-01
-1.568085700273513794e-02
3.014839589595794678e-01
-3.844263255596160889e-01
-8.122806996107101440e-02
5.516836792230606079e-02
-4.735437780618667603e-02
1.572280675172805786e-01
-5.818560719490051270e-02
-2.939603626728057861e-01
2.132204733788967133e-02
9.579177200794219971e-02
-3.156391978263854980e-01
3.113555312156677246e-01
-2.879014015197753906e-01
3.897791206836700439e-01
3.219281136989593506e-01
-2.033591419458389282e-01
-2.274351194500923157e-02
1.504536997526884079e-02
1.726216524839401245e-01
1.053386833518743515e-02
-3.929722011089324951e-01
-1.138481497764587402e-01
-2.091777026653289795e-01
-9.231667220592498779e-02
3.554870188236236572e-01
-2.019403576850891113e-01
8.277841657400131226e-02
2.106266468763351440e-01
3.197087645530700684e-01
-3.960067629814147949e-01
-3.162067830562591553e-01
-4.498349726200103760e-01
4.858821928501129150e-01
1.616358309984207153e-01
2.017653435468673706e-01
-2.412335760891437531e-02
-3.631362617015838623e-01
-1.457487493753433228e-01
-9.947166591882705688e-02
2.832583785057067871e-01
1.658182591199874878e-01
1.027357950806617737e-01
3.903075456619262695e-01
2.879546768963336945e-02
-2.889078855514526367e-01
3.666554391384124756e-01
-2.010740488767623901e-01
-1.184246838092803955e-01
1.925543695688247681e-01
1.348520964384078979e-01
-1.655559837818145752e-01
2.355591356754302979e-01
3.119882047176361084e-01
2.686836123466491699e-01
3.766473233699798584e-01
-2.594431638717651367e-01
-2.234736382961273193e-01
4.189223051071166992e-01
-5.893732607364654541e-02
2.538777589797973633e-01
-9.539696574211120605e-02
-3.187133371829986572e-01
-3.316226005554199219e-01
-5.494834110140800476e-02
-3.974041342735290527e-01
-2.983079552650451660e-01
5.132083892822265625e-01
-2.340155094861984253e-01
2.727736234664916992e-01
4.687584564089775085e-02
2.357428967952728271e-01
-1.747307777404785156e-01
-2.643540799617767334e-01
1.822066009044647217e-01
-2.768970131874084473e-01
1.838420927524566650e-01
6.820240616798400879e-02
-1.499991863965988159e-01
7.548154145479202271e-02
3.864552825689315796e-02
-3.175672888755798340e-01
-2.454184889793395996e-01
2.675991952419281006e-01
-1.117010191082954407e-01
2.673268318176269531e-01
7.469538599252700806e-02
2.340185940265655518e-01
-3.102067708969116211e-01
-1.818281561136245728e-01
-2.076040804386138916e-01
-2.063882946968078613e-01
8.274228125810623169e-02
2.752788960933685303e-01
4.330183193087577820e-02
3.726499974727630615e-01
-7.855421304702758789e-02
-2.332082241773605347e-01
4.897870719432830811e-01
7.910650223493576050e-02
2.409280538558959961e-01
2.165827900171279907e-01
-3.290700614452362061e-01
2.088620364665985107e-01
2.002640813589096069e-01
-1.416992843151092529e-01
3.007768988609313965e-01
5.466272309422492981e-02
2.780817747116088867e-01
-2.292703092098236084e-02
2.012304514646530151e-01
-4.061741828918457031e-01
-3.658906817436218262e-01
1.896311044692993164e-01
-2.612462341785430908e-01
2.899183332920074463e-01
6.896013766527175903e-02
3.204904198646545410e-01
-2.015790790319442749e-01
9.277333319187164307e-02
1.707296967506408691e-01
7.410167157649993896e-02
9.601431339979171753e-02
-3.684511482715606689e-01
-1.786849945783615112e-01
1.553259491920471191e-01
-6.403280794620513916e-02
-1.715550720691680908e-01
2.821467816829681396e-01
-2.886087000370025635e-01
-4.331627115607261658e-02
7.346973568201065063e-02
4.107260107994079590e-01
2.400525361299514771e-01
2.783485352993011475e-01
5.544533208012580872e-02
5.387334227561950684e-01
-4.361739158630371094e-01
-1.496903449296951294e-01
-3.257362246513366699e-01
1.333714872598648071e-01
-3.041795492172241211e-01
-2.395632863044738770e-02
-2.511667087674140930e-02
2.728635072708129883e-01
-1.471362635493278503e-02
-1.701358407735824585e-01
-2.255565822124481201e-01
2.209049612283706665e-01
6.694796681404113770e-02
4.390985667705535889e-01
-1.480938792228698730e-01
-3.061599135398864746e-01
3.299341499805450439e-01
-1.360617298632860184e-02
2.820132374763488770e-01
-3.560360372066497803e-01
1.227478161454200745e-01
2.868361473083496094e-01
1.915790438652038574e-01
-2.418918162584304810e-01
-1.742369383573532104e-01
6.843130290508270264e-02
1.547410637140274048e-01
-3.694287240505218506e-01
8.729227632284164429e-02
-2.340934127569198608e-01
-4.035292863845825195e-01
3.016136772930622101e-02
3.011107146739959717e-01
4.167149662971496582e-01
-2.997367978096008301e-01
1.533350348472595215e-01
-1.611986756324768066e-01
-5.335916280746459961e-01
-1.729541830718517303e-02
1.196294277906417847e-01
2.993647456169128418e-01
-3.363795578479766846e-01
5.686023458838462830e-02
2.636690437793731689e-01
1.200695708394050598e-01
-1.139330491423606873e-01
-2.288092672824859619e-01
1.050228998064994812e-01
1.851359903812408447e-01
4.602215588092803955e-01
-3.771833777427673340e-01
-2.428471744060516357e-01
3.213984072208404541e-01
2.885823249816894531e-01
-3.213026821613311768e-01
-3.982377648353576660e-01
-6.744975596666336060e-02
-1.303229480981826782e-01
-3.834207355976104736e-01
-3.418478071689605713e-01
-2.396620111539959908e-04
-3.670284450054168701e-01
2.123388797044754028e-01
3.429045081138610840e-01
-4.726272821426391602e-01
3.544355928897857666e-01
2.097631394863128662e-01
-3.331539630889892578e-01
2.852654755115509033e-01
7.873910665512084961e-02
2.126109004020690918e-01
-3.681803643703460693e-01
1.365558654069900513e-01
3.052193522453308105e-01
-2.587350606918334961e-01
-6.167617440223693848e-02
6.023222580552101135e-02
4.981798231601715088e-01
-9.728735685348510742e-02
3.494023904204368591e-02
-3.496894836425781250e-01
7.490865886211395264e-02
-1.066027656197547913e-01
-4.090352356433868408e-01
2.268748879432678223e-01
3.403240349143743515e-03
3.061489462852478027e-01
1.124108806252479553e-01
1.053743530064821243e-02
2.774446010589599609e-01
-2.868086099624633789e-01
-2.448232024908065796e-01
-2.237127423286437988e-01
7.440414279699325562e-02
1.900047510862350464e-01
4.481661617755889893e-01
-4.045464992523193359e-01
-1.170420423150062561e-01
4.131224453449249268e-01
4.389010071754455566e-01
2.610311508178710938e-01
-2.826284766197204590e-01
-2.305438816547393799e-01
2.020651549100875854e-01
4.034611880779266357e-01
-3.963797390460968018e-01
-2.010242342948913574e-01
1.666533946990966797e-01
-4.153324365615844727e-01
-1.004268601536750793e-01
4.112286865711212158e-01
-4.518308639526367188e-01
-2.416646778583526611e-01
-2.128831744194030762e-01
-2.133509814739227295e-01
2.606469690799713135e-01
3.754678368568420410e-01
1.710781753063201904e-01
-3.588061034679412842e-01
3.160754591226577759e-02
2.549252510070800781e-01
-4.232838451862335205e-01
3.482888936996459961e-01
-1.403817981481552124e-01
-4.751978218555450439e-01
2.841602861881256104e-01
-4.186308011412620544e-02
9.214723482728004456e-03
2.049400657415390015e-01
3.404535651206970215e-01
3.589958846569061279e-01
-3.367205262184143066e-01
3.290934264659881592e-01
-2.413353882730007172e-02
-2.342521026730537415e-02
-3.255539834499359131e-01
-2.463039904832839966e-01
-3.479289710521697998e-01
-1.901104152202606201e-01
8.760963380336761475e-02
1.289088279008865356e-01
3.352761566638946533e-01
-7.378748059272766113e-02
-3.038308024406433105e-01
-1.375690102577209473e-01
6.586340814828872681e-02
2.307932823896408081e-01
-3.615205883979797363e-01
-1.617150008678436279e-01
-2.378625571727752686e-01
2.313393503427505493e-01
4.366669431328773499e-02
-3.409527242183685303e-01
-8.434368669986724854e-02
2.547551989555358887e-01
-1.647473871707916260e-01
3.275178968906402588e-01
1.453890204429626465e-01
-1.592301428318023682e-01
3.202173113822937012e-01
-1.437602788209915161e-01
3.526740670204162598e-01
-7.537572085857391357e-02
4.342859685420989990e-01
1.838864386081695557e-02
-3.227774798870086670e-01
1.762523055076599121e-01
-2.098309546709060669e-01
-3.307252526283264160e-01
3.627408146858215332e-01
2.045423090457916260e-01
1.674054861068725586e-01
3.253792226314544678e-01
2.307691574096679688e-01
-3.119809925556182861e-01
-1.537936031818389893e-01
-5.950831249356269836e-02
4.552766680717468262e-01
-2.796638906002044678e-01
-1.976667344570159912e-02
3.369686007499694824e-01
3.824711591005325317e-02
-3.427260816097259521e-01
-7.991561293601989746e-02
2.720560729503631592e-01
-1.086266264319419861e-01
-1.420900821685791016e-01
3.344766497611999512e-01
-5.104919075965881348e-01
2.082674354314804077e-01
1.562704145908355713e-01
-9.121878445148468018e-02
-1.732829511165618896e-01
3.447231277823448181e-02
-2.523574829101562500e-01
-2.188840657472610474e-01
-2.178772091865539551e-01
1.469716709107160568e-02
-3.371044248342514038e-02
-4.388413205742835999e-02
-4.282387793064117432e-01
-3.353247940540313721e-01
-1.539841443300247192e-01
5.274500846862792969e-01
-5.684742331504821777e-02
-2.189866080880165100e-02
-2.892896533012390137e-01
-3.459248542785644531e-01
2.471961677074432373e-01
1.317533571273088455e-02
-2.488058060407638550e-01
-1.209385246038436890e-01
3.973333835601806641e-01
4.295957684516906738e-01
1.382743120193481445e-01
2.699886858463287354e-01
-4.563967883586883545e-02
-3.798662722110748291e-01
-2.311669588088989258e-01
-1.281863451004028320e-01
-5.205719172954559326e-02
3.529984354972839355e-01
-9.061831980943679810e-03
4.753292500972747803e-01
-4.270286262035369873e-01
-9.631048887968063354e-02
5.196959376335144043e-01
1.057603135704994202e-01
2.686339616775512695e-01
-2.140695154666900635e-01
-1.658481806516647339e-01
3.804290294647216797e-01
3.044029325246810913e-02
4.469625055789947510e-01
-5.895995721220970154e-02
-5.204726383090019226e-02
-5.749922245740890503e-02
5.786141008138656616e-02
-3.144853413105010986e-01
6.316826343536376953e-01
-2.047579139471054077e-01
-1.052419319748878479e-01
-3.489941358566284180e-01
3.230049312114715576e-01
-1.840693801641464233e-01
-1.541979461908340454e-01
-5.165483802556991577e-02
4.290684759616851807e-01
4.026785492897033691e-01
-1.515540480613708496e-01
5.103988200426101685e-02
-4.066643118858337402e-01
-1.206041201949119568e-01
-5.712271109223365784e-02
5.853889137506484985e-02
2.467296421527862549e-01
2.388703823089599609e-01
3.699021339416503906e-01
-7.055549323558807373e-02
3.038299083709716797e-01
-2.423502951860427856e-01
2.368055284023284912e-01
-9.693300724029541016e-02
2.461849451065063477e-01
-2.978852689266204834e-01
4.021631777286529541e-01
-3.220334351062774658e-01
2.494577616453170776e-01
-6.380128860473632812e-02
3.738702833652496338e-01
2.918195128440856934e-01
-2.805326879024505615e-01
-2.335441112518310547e-01
-3.817948698997497559e-01
-2.917430102825164795e-01
2.764634788036346436e-01
-3.057094812393188477e-01
2.685580551624298096e-01
-3.691490888595581055e-01
2.749186456203460693e-01
-2.241438329219818115e-01
-1.334390193223953247e-01
-5.623277276754379272e-02
2.468366175889968872e-01
3.607260882854461670e-01
-3.734599947929382324e-01
-1.041502431035041809e-01
2.084036171436309814e-01
3.239488005638122559e-01
1.594262421131134033e-01
-3.275163769721984863e-01
9.355272352695465088e-02
1.459758132696151733e-01
-2.407001107931137085e-01
-1.302775889635086060e-01
-1.444103121757507324e-01
8.418333530426025391e-02
-1.100799143314361572e-01
2.709228694438934326e-01
2.998874187469482422e-01
1.009918376803398132e-01
1.094209253787994385e-01
-2.782026231288909912e-01
-1.977173984050750732e-01
-9.908461011946201324e-03
1.736623793840408325e-01
-1.710806488990783691e-01
-4.173660576343536377e-01
-3.834474682807922363e-01
1.839930713176727295e-01
1.553515046834945679e-01
3.014423251152038574e-01
1.300571858882904053e-01
3.764967322349548340e-01
3.009686060249805450e-02
3.375622034072875977e-01
-1.519082188606262207e-01
-3.804391324520111084e-01
-1.355192065238952637e-01
2.367782294750213623e-01
7.204324007034301758e-02
-1.643358767032623291e-01
2.606772482395172119e-01
-4.936143457889556885e-01
4.542761445045471191e-01
5.638872459530830383e-02
-1.678108870983123779e-01
-1.937596201896667480e-01
3.115636110305786133e-01
-1.352070830762386322e-02
9.846684336662292480e-02
-3.477491736412048340e-01
4.881869554519653320e-01
-3.914125263690948486e-02
-2.898063361644744873e-01
-1.221513748168945312e-02
2.922492027282714844e-01
-7.231985777616500854e-02
2.131751477718353271e-01
-3.618084788322448730e-01
3.172123730182647705e-01
-2.189738303422927856e-02
1.030622422695159912e-01
5.464825779199600220e-02
-2.256043553352355957e-01
1.745090633630752563e-01
1.230357214808464050e-01
3.226233720779418945e-01
-4.260354340076446533e-01
-1.020213440060615540e-01
9.572323411703109741e-02
-4.019124209880828857e-01
3.259502351284027100e-01
3.651781007647514343e-02
2.628725767135620117e-01
-2.433233112096786499e-01
1.224563568830490112e-01
1.378966569900512695e-01
-1.377316936850547791e-02
-4.754554927349090576e-01
2.277759760618209839e-01
2.575470507144927979e-01
-1.457358002662658691e-01
1.507695168256759644e-01
-3.705056011676788330e-01
9.701599925756454468e-02
-4.445923957973718643e-03
2.886925637722015381e-01
3.246496319770812988e-01
9.326654672622680664e-02
4.845065996050834656e-02
1.211434677243232727e-01
-5.558905601501464844e-01
7.776832580566406250e-02
-1.328381597995758057e-01
2.359100729227066040e-01
1.268846988677978516e-01
-2.271037548780441284e-01
-5.892881378531455994e-02
-3.090947866439819336e-01
5.021686479449272156e-02
3.296148777008056641e-01
-6.996655464172363281e-02
4.204559624195098877e-01
1.992705762386322021e-01
-3.403599858283996582e-01
-1.336003690958023071e-01
-3.719458580017089844e-01
3.051542341709136963e-01
3.884380161762237549e-01
2.941604256629943848e-01
-1.143468469381332397e-01
9.410512447357177734e-02
-3.889248669147491455e-01
2.779107391834259033e-01
-2.986069619655609131e-01
1.256731748580932617e-01
8.166223764419555664e-02
-1.399211883544921875e-01
9.988238662481307983e-02
-3.228954225778579712e-02
-4.830306172370910645e-01
-1.964170038700103760e-01
-2.099048048257827759e-01
1.818091720342636108e-01
-1.825593113899230957e-01
6.948221474885940552e-02
4.175289273262023926e-01
-2.101384401321411133e-01
-3.404499590396881104e-01
7.280860841274261475e-02
-2.949796915054321289e-01
1.564886271953582764e-01
-5.978479608893394470e-02
-3.668889403343200684e-01
4.128945991396903992e-02
-3.364574611186981201e-01
-2.562709897756576538e-02
3.146033883094787598e-01
2.866697907447814941e-01
4.000692367553710938e-01
1.652813553810119629e-01
-4.047882556915283203e-01
-5.632294416427612305e-01
1.028732731938362122e-01
1.125036180019378662e-01
4.475051537156105042e-04
-1.692997813224792480e-01
-2.103264927864074707e-01
3.834560215473175049e-01
-1.409292072057723999e-01
-2.909067273139953613e-01
2.161035984754562378e-01
-1.257109493017196655e-01
-3.931295275688171387e-01
-2.568477690219879150e-01
-1.403903514146804810e-01
-1.467942446470260620e-01
-4.119566082954406738e-01
-1.770247220993041992e-01
1.073152571916580200e-01
-1.999860703945159912e-01
-4.072604328393936157e-02
-3.319410085678100586e-01
3.201325237751007080e-01
1.441530883312225342e-01
-6.224890053272247314e-02
1.160594373941421509e-01
-3.561182916164398193e-01
-1.331754326820373535e-01
-1.201073173433542252e-02
4.567672014236450195e-01
-4.553345963358879089e-03
-3.065453469753265381e-01
1.031003147363662720e-01
-9.532595425844192505e-02
2.092878371477127075e-01
1.600933223962783813e-01
8.698995411396026611e-02
-8.062867447733879089e-03
9.602742642164230347e-02
-2.679473161697387695e-01
1.077612861990928650e-02
1.207089945673942566e-01
-1.912271827459335327e-01
3.806946873664855957e-01
-3.297865986824035645e-01
-2.377474904060363770e-01
-2.059590071439743042e-01
-9.136938303709030151e-02
1.568467020988464355e-01
3.620849251747131348e-01
1.452023088932037354e-01
-3.247987627983093262e-01
3.493792414665222168e-01
-3.149175047874450684e-01
-7.011516392230987549e-02
-2.290887832641601562e-01
-1.327625513076782227e-01
1.814646869897842407e-01
3.284291326999664307e-01
-3.179551959037780762e-01
3.115865588188171387e-01
-9.413090348243713379e-02
-3.557973504066467285e-01
2.841118574142456055e-01
-3.287007212638854980e-01
-3.627277314662933350e-01
1.183685585856437683e-01
-7.211934775114059448e-02
-1.327461302280426025e-01
-1.167586818337440491e-01
1.817456632852554321e-01
-1.990441977977752686e-01
5.620216727256774902e-01
-2.106698043644428253e-02
-3.317468762397766113e-01
9.294101595878601074e-02
2.340768277645111084e-01
-3.583017885684967041e-01
-5.182891711592674255e-02
-3.805102109909057617e-01
5.294404029846191406e-01
-2.080570161342620850e-01
3.541562259197235107e-01
-3.826973140239715576e-01
-1.154552996158599854e-01
-3.836602270603179932e-01
-4.595191180706024170e-01
7.599289715290069580e-02
-3.808633685111999512e-01
1.446530669927597046e-01
5.193680524826049805e-01
-2.096642404794692993e-01
1.893476247787475586e-01
-5.377206252887845039e-04
1.429873425513505936e-02
-3.454167842864990234e-01
2.259772717952728271e-01
3.736321926116943359e-01
-2.893050312995910645e-01
-1.089792922139167786e-01
2.159716188907623291e-01
-2.728651762008666992e-01
6.756020337343215942e-02
-2.113393694162368774e-01
-4.045122265815734863e-01
-2.652358114719390869e-01
-4.932186007499694824e-02
-4.231958687305450439e-01
-5.650111939758062363e-03
2.028732746839523315e-01
3.755757212638854980e-01
1.675532162189483643e-01
-2.133084088563919067e-01
-1.633227020502090454e-01
3.013605773448944092e-01
-2.258770018815994263e-01
5.090272426605224609e-01
3.161267936229705811e-01
-3.786849677562713623e-01
2.098566442728042603e-01
-2.585122883319854736e-01
-2.774343192577362061e-01
1.132544055581092834e-01
1.167041361331939697e-01
-1.707141697406768799e-01
2.485613226890563965e-01
-4.430928230285644531e-01
-4.538028035312891006e-03
7.270427048206329346e-02
-1.717719584703445435e-01
-3.116432428359985352e-01
-3.268776834011077881e-01
1.657905280590057373e-01
1.641524434089660645e-01
1.534272879362106323e-01
4.643194973468780518e-01
-4.144764840602874756e-01
-4.004884362220764160e-01
1.264108270406723022e-01
2.181867361068725586e-01
3.183704242110252380e-02
-9.218666702508926392e-02
-2.394244521856307983e-01
-2.412136346101760864e-01
-1.625213325023651123e-01
3.755287230014801025e-01
-1.289652287960052490e-01
-3.728400468826293945e-01
-1.916252672672271729e-01
-7.865412533283233643e-02
-2.854323983192443848e-01
3.458827435970306396e-01
5.060191825032234192e-02
-1.196803897619247437e-01
-2.520305812358856201e-01
2.905322015285491943e-01
-8.855692297220230103e-02
-9.559876471757888794e-02
-3.023917041718959808e-02
-2.935772836208343506e-01
1.944600045680999756e-01
-1.927590519189834595e-01
-1.485959887504577637e-01
-1.836260706186294556e-01
5.329926609992980957e-01
