5.185150727629661560e-02
1.054445728659629822e-01
1.703031361103057861e-01
4.036382734775543213e-01
3.943416178226470947e-01
-1.369496732950210571e-01
2.250452935695648193e-01
1.294638961553573608e-01
2.677481174468994141e-01
2.928811013698577881e-01
-2.503333687782287598e-01
-1.876493394374847412e-01
2.197658121585845947e-01
1.779805272817611694e-01
5.350485444068908691e-02
-2.793202400207519531e-01
-1.833131313323974609e-01
-1.322990506887435913e-01
6.693807989358901978e-02
-9.964191913604736328e-02
-3.876435756683349609e-01
-3.106791675090789795e-01
2.716252207756042480e-02
-2.493520528078079224e-01
3.553169220685958862e-02
3.727904856204986572e-01
4.216694235801696777e-01
1.034999638795852661e-01
2.089888304471969604e-01
2.935757637023925781e-01
3.653481304645538330e-01
3.780282735824584961e-01
1.481329202651977539e-01
7.230246555991470814e-04
1.679216027259826660e-01
2.827255725860595703e-01
-2.207460850477218628e-01
-3.035167157649993896e-01
-3.137426674365997314e-01
-2.368443161249160767e-01
-1.112614497542381287e-01
-3.417315185070037842e-01
-6.289424896240234375e-01
-5.725510120391845703e-01
-4.660868644714355469e-01
1.303849220275878906e-01
-1.805333606898784637e-02
-1.641674488782882690e-01
1.310337185859680176e-01
9.731276333332061768e-02
-1.151029914617538452e-01
-3.077412247657775879e-01
-9.251339733600616455e-02
-3.287628591060638428e-01
-3.053321875631809235e-02
-5.281631276011466980e-02
-1.017539799213409424e-01
-6.122452020645141602e-01
-5.548712611198425293e-01
-5.903095379471778870e-02
1.394998133182525635e-01
-2.457280457019805908e-01
-1.581020951271057129e-01
2.561249583959579468e-02
2.002709060907363892e-01
2.706097625195980072e-02
1.772533804178237915e-01
2.332135736942291260e-01
9.519243985414505005e-02
-1.304522808641195297e-02
2.815836369991302490e-01
-1.619585976004600525e-02
-1.129305455833673477e-02
3.518974781036376953e-01
-9.859339334070682526e-03
-9.672226756811141968e-02
6.088673137128353119e-03
-3.513795733451843262e-01
-3.818143606185913086e-01
-1.491717249155044556e-02
-1.233251169323921204e-01
-3.968983590602874756e-01
-7.378218770027160645e-01
-4.950888454914093018e-01
-7.839038223028182983e-02
-1.655339747667312622e-01
-4.412065148353576660e-01
-4.976336061954498291e-01
-2.973868250846862793e-01
-2.316822484135627747e-02
-1.874870210886001587e-01
-1.776661723852157593e-01
-8.031397312879562378e-02
3.954178467392921448e-02
1.863213628530502319e-01
-1.518702059984207153e-01
-2.341767996549606323e-01
4.637949541211128235e-02
3.494358658790588379e-01
4.370653033256530762e-01
-2.788480743765830994e-02
-3.342875838279724121e-01
-3.472767770290374756e-01
-4.026516079902648926e-01
-2.830877900123596191e-01
-4.964457452297210693e-02
1.067949160933494568e-01
-8.416198939085006714e-02
-8.490932732820510864e-02
-1.496495902538299561e-01
2.937974631786346436e-01
3.228532671928405762e-01
3.207306861877441406e-01
9.298703819513320923e-02
-1.796397119760513306e-01
2.558853626251220703e-01
3.123296797275543213e-01
2.117770612239837646e-01
1.285349577665328979e-01
-2.283733189105987549e-01
-6.304503977298736572e-02
3.620391786098480225e-01
1.692526340484619141e-01
2.265794668346643448e-03
-2.668534815311431885e-01
3.074025735259056091e-03
-1.612769663333892822e-01
-3.356575071811676025e-01
-3.637029230594635010e-01
-8.311923593282699585e-02
-3.731698989868164062e-01
-4.101024866104125977e-01
-2.551434636116027832e-01
-7.305724918842315674e-02
-1.444740891456604004e-01
-5.327392742037773132e-02
2.076512761414051056e-02
1.202258542180061340e-01
1.410309225320816040e-01
5.486130714416503906e-02
1.926612704992294312e-01
3.364911079406738281e-01
3.806957602500915527e-01
5.109215974807739258e-01
4.279895424842834473e-01
-6.024102121591567993e-02
1.100272089242935181e-01
4.087613224983215332e-01
2.384801656007766724e-01
1.916703283786773682e-01
