2.012939900159835815e-01
1.667040288448333740e-01
-2.645825734362006187e-03
-1.080737933516502380e-01
7.637590169906616211e-02
7.840223610401153564e-02
1.542154103517532349e-01
5.337658524513244629e-02
2.634429931640625000e-01
-6.533714011311531067e-03
-8.701838552951812744e-03
-4.722414165735244751e-02
1.304820179939270020e-02
2.602949440479278564e-01
1.444017440080642700e-01
1.702792793512344360e-01
3.654787316918373108e-03
-8.316494524478912354e-02
-6.052546948194503784e-02
2.130176723003387451e-01
-1.550137344747781754e-02
1.585023477673530579e-02
-3.858418390154838562e-02
-2.442065626382827759e-02
-1.438603252172470093e-01
-1.223485991358757019e-01
1.298559755086898804e-01
-3.102404437959194183e-02
-3.797790966928005219e-03
-7.268361002206802368e-02
-1.043952330946922302e-01
3.872547298669815063e-02
7.457946985960006714e-02
1.200227960944175720e-01
-1.966507360339164734e-02
3.906639665365219116e-02
1.814592182636260986e-01
2.682181894779205322e-01
1.789049804210662842e-01
3.530659899115562439e-02
4.388492926955223083e-02
5.519172921776771545e-02
1.130899190902709961e-01
2.544477283954620361e-01
2.536827325820922852e-02
-1.556584089994430542e-01
2.184766083955764771e-01
2.124755978584289551e-01
-3.383078426122665405e-02
1.325662583112716675e-01
1.005874946713447571e-01
-3.191422522068023682e-01
1.949014216661453247e-01
1.392397582530975342e-01
3.687232360243797302e-02
-5.325993523001670837e-02
3.827862441539764404e-02
-1.232186630368232727e-01
2.256129980087280273e-01
-1.090173274278640747e-01
7.110788673162460327e-02
-1.101092845201492310e-01
-8.348422497510910034e-02
2.753232717514038086e-01
-1.586359888315200806e-01
6.309903413057327271e-02
3.307456523180007935e-02
7.751239091157913208e-02
6.314949691295623779e-02
1.458063721656799316e-01
-2.708552181720733643e-01
8.854936063289642334e-02
-1.224948093295097351e-01
2.043054848909378052e-01
-7.912529259920120239e-02
-3.281699120998382568e-02
-1.014918014407157898e-01
-2.590465918183326721e-02
-1.813730746507644653e-01
1.327385008335113525e-01
1.062256395816802979e-01
-4.213961213827133179e-02
-2.183521725237369537e-02
-2.076933905482292175e-02
-1.032927408814430237e-01
-1.627921313047409058e-01
-3.484727069735527039e-02
-8.516269177198410034e-02
2.790783345699310303e-01
-2.465160787105560303e-01
3.454588726162910461e-02
-3.691948205232620239e-02
1.491239219903945923e-01
1.230220198631286621e-01
-9.125812351703643799e-02
2.527990005910396576e-02
1.815129257738590240e-02
-1.503234952688217163e-01
1.538676917552947998e-01
1.999465078115463257e-01
2.506220154464244843e-02
-4.587222263216972351e-02
6.315500289201736450e-02
-7.805498689413070679e-02
-2.853420563042163849e-02
2.138887047767639160e-01
-1.520355790853500366e-01
-6.720131728798151016e-03
-2.318090647459030151e-01
-7.091509550809860229e-02
-2.701306715607643127e-02
-6.851723790168762207e-02
-6.193675100803375244e-02
-3.371736034750938416e-03
-1.077661141753196716e-01
-1.228157952427864075e-01
7.514444878324866295e-04
-2.882803417742252350e-02
2.605046629905700684e-01
-2.573380768299102783e-01
1.160222664475440979e-01
-6.605051457881927490e-03
8.954480290412902832e-02
1.899690777063369751e-01
9.967389702796936035e-02
1.288385391235351562e-01
4.390879347920417786e-02
-1.888955943286418915e-02
2.017122358083724976e-01
1.524762716144323349e-02
5.062894150614738464e-02
-2.828752249479293823e-02
1.538451910018920898e-01
4.338176921010017395e-02
-9.848779998719692230e-03
-2.107638120651245117e-02
9.099210053682327271e-02
-8.003693656064569950e-04
6.720126420259475708e-02
4.180977120995521545e-03
-1.731254905462265015e-01
-1.309124678373336792e-01
-1.356470305472612381e-02
3.117522457614541054e-03
6.680176407098770142e-02
-4.349374398589134216e-02
2.784178033471107483e-02
-2.426039427518844604e-02
2.105132937431335449e-01
-1.081571057438850403e-01
-1.321031339466571808e-02
-1.382705406285822392e-03
-1.272437870502471924e-01
1.215063631534576416e-01
-1.060225218534469604e-01
-9.911563247442245483e-02
1.299452334642410278e-01
4.426697269082069397e-02
-1.496912837028503418e-01
2.514806762337684631e-02
1.260261833667755127e-01
1.602278351783752441e-01
1.441248655319213867e-01
-6.304869055747985840e-02
-5.455810949206352234e-02
-3.201257437467575073e-02
1.852215975522994995e-01
8.940510451793670654e-02
1.825498044490814209e-01
5.593207199126482010e-03
-2.472256682813167572e-02
-6.272585690021514893e-02
7.697822153568267822e-02
7.906466722488403320e-02
1.919016391038894653e-01
-1.264892965555191040e-01
9.318512678146362305e-02
-1.529828757047653198e-01
2.275700122117996216e-01
3.763553500175476074e-02
-1.597233712673187256e-01
-2.062027007341384888e-01
1.871613971889019012e-02
2.737121582031250000e-01
-6.682526320219039917e-02
1.030686032027006149e-02
-3.040281534194946289e-01
-3.474081456661224365e-01
4.724261537194252014e-02
1.248001158237457275e-01
-1.993618458509445190e-01
3.295113891363143921e-02
-1.992185115814208984e-01
-4.028677940368652344e-01
8.879740536212921143e-02
2.614438831806182861e-01
-1.852626651525497437e-01
-1.668160557746887207e-01
-2.719699144363403320e-01
-3.372385501861572266e-01
-2.192038483917713165e-02
2.481030821800231934e-01
-1.252408027648925781e-01
-1.306480467319488525e-01
-2.806405425071716309e-01
-2.243451625108718872e-01
5.964146181941032410e-02
1.936184167861938477e-01
-1.649270951747894287e-01
-1.794152110815048218e-01
5.971469916403293610e-03
-4.364639222621917725e-01
-1.571018844842910767e-01
3.211775720119476318e-01
8.276523649692535400e-02
-1.846361607313156128e-01
4.628139361739158630e-02
-3.317469060420989990e-01
-3.214737225789576769e-04
3.050024509429931641e-01
2.241444289684295654e-01
-3.202047646045684814e-01
1.630103141069412231e-01
-3.813883066177368164e-01
-2.918467856943607330e-02
3.734268248081207275e-01
1.277708262205123901e-01
-2.971186339855194092e-01
8.195666223764419556e-02
-2.682565748691558838e-01
-3.264625743031501770e-02
2.835897803306579590e-01
6.569813936948776245e-02
-1.213113293051719666e-01
7.196421921253204346e-02
-1.452542543411254883e-01
8.884362876415252686e-02
1.315685808658599854e-01
-7.154323160648345947e-02
-1.201253384351730347e-01
2.667107582092285156e-01
6.933017820119857788e-02
-1.510314345359802246e-01
2.660037949681282043e-02
4.534298777580261230e-01
1.582883000373840332e-01
3.638287484645843506e-01
1.318913847208023071e-01
9.292283654212951660e-02
-1.555197536945343018e-01
4.934225976467132568e-01
1.975037008523941040e-01
2.848254442214965820e-01
8.589962124824523926e-02
7.753985375165939331e-02
-1.989199370145797729e-01
3.733868896961212158e-01
9.552720934152603149e-02
1.979748606681823730e-01
1.089357864111661911e-02
1.771316081285476685e-01
-5.073373392224311829e-02
2.894745469093322754e-01
1.650833040475845337e-01
4.987706243991851807e-02
-1.389511823654174805e-01
1.821849346160888672e-01
1.347633358091115952e-02
1.931012719869613647e-01
-1.074654161930084229e-01
6.762963533401489258e-02
1.995723508298397064e-02
-1.472355127334594727e-01
-8.870921283960342407e-02
-5.283973366022109985e-02
1.296490728855133057e-01
-2.320390790700912476e-01
-3.331726044416427612e-02
1.090163514018058777e-01
1.163895651698112488e-01
-1.922615468502044678e-01
5.102021154016256332e-03
-2.387766242027282715e-01
-1.379264891147613525e-01
1.866174489259719849e-01
1.156696155667304993e-01
-1.571682393550872803e-01
-2.129692025482654572e-02
-4.013972356915473938e-02
-2.093319222331047058e-02
8.549132943153381348e-02
1.172360926866531372e-01
-5.169473960995674133e-02
-2.070484608411788940e-01
5.764640518464148045e-04
-8.908996731042861938e-02
2.501603960990905762e-01
7.298635691404342651e-02
5.779410153627395630e-02
5.270445719361305237e-02
-1.644127815961837769e-01
-1.910606473684310913e-01
-1.591291427612304688e-01
-2.060164138674736023e-02
-6.741110235452651978e-02
-1.484302431344985962e-01
-5.004923790693283081e-02
-3.092405386269092560e-03
-2.974415719509124756e-01
1.037830859422683716e-01
2.736880443990230560e-02
-1.695649474859237671e-01
3.011115491390228271e-01
-5.334155261516571045e-02
-5.171010494232177734e-01
1.011691242456436157e-01
-1.790294796228408813e-01
3.828620612621307373e-01
-2.354272603988647461e-01
7.060304284095764160e-02
4.110020527150481939e-04
-3.561152517795562744e-01
9.842659533023834229e-02
1.029612049460411072e-01
-2.317098081111907959e-01
-2.284466475248336792e-01
1.370761692523956299e-01
1.298003941774368286e-01
1.786818504333496094e-01
-3.049214482307434082e-01
-1.030968651175498962e-01
-6.689033657312393188e-02
-1.867527365684509277e-01
-1.155190095305442810e-01
7.488746196031570435e-02
-2.010809481143951416e-01
3.376852869987487793e-01
1.755899004638195038e-02
-3.952696919441223145e-01
1.162336468696594238e-01
-2.395332790911197662e-03
6.040551140904426575e-02
9.700128436088562012e-02
-4.386076703667640686e-02
-4.613244831562042236e-01
1.104849502444267273e-01
-1.964599490165710449e-01
3.083918094635009766e-01
-4.368849396705627441e-01
-1.334125399589538574e-01
-4.386523738503456116e-02
-1.187548041343688965e-01
1.579223871231079102e-01
-3.995799720287322998e-01
3.660018369555473328e-02
-2.533668279647827148e-01
-1.068286690860986710e-02
8.646057546138763428e-02
1.138811632990837097e-01
-2.290475666522979736e-01
-1.512996852397918701e-01
4.212685301899909973e-02
-3.245318830013275146e-01
-4.479331895709037781e-02
2.146013975143432617e-01
-8.898980170488357544e-02
1.499141752719879150e-01
6.819712370634078979e-02
-4.426323175430297852e-01
1.159534230828285217e-01
-2.626000642776489258e-01
4.992684349417686462e-02
-1.366896182298660278e-01
3.617244586348533630e-02
-3.208865523338317871e-01
6.995327025651931763e-02
-2.072771042585372925e-01
1.352760493755340576e-01
-2.783994078636169434e-01
-1.348953545093536377e-01
-7.573548704385757446e-02
-2.429356426000595093e-01
3.546156883239746094e-01
-3.336261510848999023e-01
1.078976318240165710e-01
-2.362080663442611694e-02
-1.159197241067886353e-01
4.365612193942070007e-02
-1.970560476183891296e-02
-1.024055555462837219e-01
-3.521622624248266220e-03
9.664487093687057495e-02
-2.757166624069213867e-01
-7.618758827447891235e-02
1.602626442909240723e-01
-1.289505660533905029e-01
1.740923076868057251e-01
-4.678281769156455994e-02
-3.295594751834869385e-01
7.084575016051530838e-03
-1.191006824374198914e-01
1.739311069250106812e-01
-2.054484039545059204e-01
-4.404088482260704041e-03
-2.014620788395404816e-02
8.008481934666633606e-03
8.021865785121917725e-02
8.483815193176269531e-02
1.515029668807983398e-01
-3.796798735857009888e-02
-6.011589616537094116e-02
4.806644283235073090e-03
2.508745193481445312e-01
-2.000236660242080688e-01
1.768114864826202393e-01
2.646042779088020325e-02
-1.966061741113662720e-01
7.188713550567626953e-02
1.470056772232055664e-01
-1.011997275054454803e-02
1.725844107568264008e-02
-4.903867468237876892e-02
-1.097550690174102783e-01
3.176845610141754150e-02
9.010460972785949707e-02
-7.124398648738861084e-02
-1.358423661440610886e-02
2.446171268820762634e-02
2.310297451913356781e-02
1.144756749272346497e-01
-6.846688687801361084e-02
-1.659570261836051941e-02
-1.112934052944183350e-01
-6.489147245883941650e-02
-3.319124132394790649e-02
-1.161098666489124298e-02
-7.279226183891296387e-02
1.656443811953067780e-02
5.584905296564102173e-02
-8.500158786773681641e-02
-1.854095607995986938e-01
1.068913564085960388e-02
2.109640836715698242e-01
-1.430716514587402344e-01
1.891616433858871460e-01
-7.922790199518203735e-02
4.202636331319808960e-02
3.457881510257720947e-02
1.834666132926940918e-01
-2.626892179250717163e-02
1.434636563062667847e-01
-1.334500014781951904e-01
-1.029180362820625305e-01
-4.967743880115449429e-04
1.622479557991027832e-01
1.122795045375823975e-03
7.103713601827621460e-02
-1.966257989406585693e-01
8.627530187368392944e-02
8.997069299221038818e-02
1.743738502264022827e-01
-1.925090327858924866e-02
1.387501955032348633e-01
-1.666243523359298706e-01
-2.290544100105762482e-02
9.634203463792800903e-02
9.815061092376708984e-02
4.888970777392387390e-02
2.495104968547821045e-01
6.982529163360595703e-02
-1.583508253097534180e-01
6.649350374937057495e-02
-5.703394114971160889e-02
1.707948744297027588e-01
-1.306271087378263474e-02
4.608390107750892639e-02
1.098901331424713135e-01
-5.719374865293502808e-02
7.850272953510284424e-02
-2.599987573921680450e-02
1.263968199491500854e-01
-4.648180305957794189e-02
-1.016220003366470337e-01
-2.129573374986648560e-01
1.211643815040588379e-01
1.086595207452774048e-01
-1.850016266107559204e-01
-2.710931897163391113e-01
2.469347417354583740e-02
-1.368760224431753159e-02
2.651916146278381348e-01
-2.808395028114318848e-01
9.350793808698654175e-02
-2.555978000164031982e-01
3.460488468408584595e-02
3.333000838756561279e-01
3.444495797157287598e-02
2.426683343946933746e-02
1.500914841890335083e-01
1.319046616554260254e-01
-1.713941693305969238e-01
1.186671108007431030e-01
-1.693806797266006470e-01
3.317295014858245850e-01
-2.904720231890678406e-02
1.157649457454681396e-01
2.048149853944778442e-01
-2.226250171661376953e-01
1.017739623785018921e-01
-6.957085430622100830e-02
-1.788258254528045654e-01
-2.389693856239318848e-01
4.353634268045425415e-02
-9.671527147293090820e-02
6.164634227752685547e-02
-2.316054552793502808e-01
-6.596187502145767212e-02
-2.558694481849670410e-01
1.182104460895061493e-02
5.995705723762512207e-02
1.628875881433486938e-01
-1.550632119178771973e-01
2.438658624887466431e-01
-1.461343169212341309e-01
-1.089716404676437378e-01
3.528666496276855469e-02
-4.977457970380783081e-02
2.966928668320178986e-02
-5.469076335430145264e-02
2.539501786231994629e-01
2.884390577673912048e-02
1.913029700517654419e-01
-3.476295769214630127e-01
3.121530711650848389e-01
-6.509863585233688354e-02
1.485521644353866577e-01
3.151684999465942383e-02
-1.842523515224456787e-01
1.737941801548004150e-02
-1.855593733489513397e-02
-2.338201273232698441e-03
-1.834288239479064941e-01
-4.746310785412788391e-02
1.487938612699508667e-01
4.207378625869750977e-02
-1.881761252880096436e-01
1.489637345075607300e-01
7.453130930662155151e-02
1.703353482298552990e-03
3.966036438941955566e-02
1.628196984529495239e-01
1.158039495348930359e-01
1.301651298999786377e-01
2.437752857804298401e-02
1.621499508619308472e-01
-2.961275540292263031e-02
2.520860359072685242e-02
1.242485716938972473e-01
-1.042453944683074951e-01
1.172521412372589111e-01
-1.910614594817161560e-02
9.305191040039062500e-02
-8.795883506536483765e-02
1.549246162176132202e-01
-1.634052693843841553e-01
1.629153192043304443e-01
-7.824122160673141479e-02
9.654066711664199829e-02
-2.421831041574478149e-01
1.033066287636756897e-01
3.056589961051940918e-01
1.712841987609863281e-01
-3.245181143283843994e-01
-1.701566576957702637e-02
1.646434813737869263e-01
1.117507442831993103e-01
2.345649152994155884e-01
2.758437395095825195e-01
-2.357202917337417603e-01
3.094583190977573395e-02
7.679898291826248169e-03
3.002737760543823242e-01
5.765951797366142273e-02
9.704483300447463989e-02
8.353301137685775757e-02
-9.397900849580764771e-02
7.858733832836151123e-02
9.749135933816432953e-03
1.312920004129409790e-01
-3.625421971082687378e-02
-4.461472108960151672e-02
-5.697483196854591370e-02
-1.130791082978248596e-01
-9.372410923242568970e-02
-1.586391329765319824e-01
2.940579503774642944e-02
-1.564514189958572388e-01
1.197303086519241333e-01
-2.688616812229156494e-01
1.485664546489715576e-01
-1.778287887573242188e-01
-5.577563494443893433e-02
6.140000000596046448e-02
-9.629699587821960449e-02
3.613012284040451050e-02
-1.689702421426773071e-01
-1.593894511461257935e-01
3.662613220512866974e-03
1.373838819563388824e-02
1.970333419740200043e-02
6.236651912331581116e-02
-2.928959131240844727e-01
-8.349680155515670776e-02
-2.598916925489902496e-02
-1.774597354233264923e-02
1.259403079748153687e-01
1.990088447928428650e-02
-5.424819141626358032e-02
-1.171264871954917908e-01
-1.307891756296157837e-01
-1.546191722154617310e-01
2.907464653253555298e-02
-1.526272892951965332e-01
-9.553667157888412476e-02
2.923283725976943970e-03
1.098550483584403992e-01
-2.241805493831634521e-01
2.495023459196090698e-01
-2.169781476259231567e-01
-8.855756372213363647e-02
-1.344409435987472534e-01
-1.041358988732099533e-02
1.130700036883354187e-01
-8.693157881498336792e-02
6.503955274820327759e-02
-2.088368833065032959e-01
-2.367170061916112900e-03
4.637427255511283875e-02
-1.062759310007095337e-01
4.731280729174613953e-02
1.278815511614084244e-02
-1.603614240884780884e-01
9.950160235166549683e-02
1.185972336679697037e-02
-7.537622749805450439e-02
-7.077828794717788696e-02
5.516907200217247009e-02
-1.472167950123548508e-02
8.409833908081054688e-02
-1.388336271047592163e-01
-2.031238004565238953e-02
4.710416868329048157e-02
5.461599212139844894e-03
-1.251738965511322021e-01
4.881950467824935913e-02
6.887187808752059937e-02
-2.244464308023452759e-01
2.686862051486968994e-01
-8.821363002061843872e-02
1.160148084163665771e-01
4.700730089098215103e-03
-3.252081945538520813e-02
5.618229974061250687e-03
1.199016347527503967e-02
6.732830405235290527e-02
-2.399379611015319824e-01
-9.347521513700485229e-02
-6.749244779348373413e-02
-3.220744431018829346e-02
5.922279134392738342e-02
-1.167337149381637573e-01
-8.542270958423614502e-02
-1.213567182421684265e-01
-2.488858764991164207e-03
-4.620821401476860046e-02
1.919989287853240967e-01
-1.166255995631217957e-01
-9.612405300140380859e-02
8.396061509847640991e-02
-1.003503575921058655e-01
8.525530248880386353e-02
-6.519318372011184692e-02
1.002919077873229980e-01
-1.639492064714431763e-01
1.579688489437103271e-01
1.118544936180114746e-01
-1.819474846124649048e-01
1.711247265338897705e-01
-6.935049593448638916e-02
4.300912469625473022e-02
5.655153468251228333e-02
2.671754360198974609e-01
1.088467240333557129e-02
-3.607545197010040283e-01
4.615037441253662109e-01
-8.112091571092605591e-02
1.777042746543884277e-01
1.307431757450103760e-01
-1.208055466413497925e-01
-1.705538034439086914e-01
1.237614750862121582e-01
8.150418289005756378e-03
-7.429930847138166428e-03
8.974095433950424194e-02
-7.398591376841068268e-03
-4.881293326616287231e-02
2.488013543188571930e-02
2.954926714301109314e-02
5.781297758221626282e-02
-9.396177530288696289e-02
-1.116321235895156860e-02
4.003210738301277161e-02
1.899402290582656860e-01
-1.141135990619659424e-01
1.211123913526535034e-01
-5.069421604275703430e-04
-7.970393449068069458e-02
1.270848661661148071e-01
1.279978454113006592e-02
-4.711380600929260254e-02
1.093041226267814636e-01
1.647456735372543335e-01
-9.100449085235595703e-02
-3.712547421455383301e-01
6.416591256856918335e-02
2.197858542203903198e-01
1.634331345558166504e-01
2.694705724716186523e-01
3.527312725782394409e-02
-3.025192916393280029e-01
1.450215429067611694e-01
1.881099790334701538e-01
1.477904766798019409e-01
1.591627895832061768e-01
-1.195719987154006958e-01
-1.765112131834030151e-01
6.609382480382919312e-02
3.003647029399871826e-01
1.251153498888015747e-01
1.211756765842437744e-01
-2.114051394164562225e-02
-1.355087459087371826e-01
7.395707070827484131e-02
4.785987362265586853e-02
1.591193079948425293e-01
1.417965739965438843e-01
-1.255696415901184082e-01
-9.513305127620697021e-02
-8.643768727779388428e-02
2.528989315032958984e-01
2.715739309787750244e-01
2.816721200942993164e-01
-2.960408031940460205e-01
-8.365034312009811401e-02
9.007570892572402954e-02
3.024846613407135010e-01
2.341140508651733398e-01
3.075227141380310059e-01
-2.056072652339935303e-01
-2.684241235256195068e-01
8.505509048700332642e-02
8.504235744476318359e-02
2.203588187694549561e-01
2.534332275390625000e-01
3.490259498357772827e-02
-2.469379305839538574e-01
2.120047360658645630e-01
1.211492251604795456e-02
5.853023007512092590e-02
2.069460302591323853e-01
-1.081743091344833374e-01
-2.259501069784164429e-01
1.594881713390350342e-01
8.716872334480285645e-02
7.374945562332868576e-04
2.850789390504360199e-02
-2.678519785404205322e-01
-2.067954689264297485e-01
6.319469958543777466e-02
7.121530920267105103e-02
-1.467609554529190063e-01
2.732669413089752197e-01
-1.370258480310440063e-01
1.333542615175247192e-01
-3.603044748306274414e-01
1.375314146280288696e-01
-2.647491693496704102e-01
3.131885230541229248e-01
-3.698602318763732910e-02
-2.211832404136657715e-01
-1.108165755867958069e-01
2.440882027149200439e-01
-1.868082433938980103e-01
2.013751417398452759e-01
1.462946683168411255e-01
-2.606838345527648926e-01
-2.307960242033004761e-01
1.443914622068405151e-01
-3.314499258995056152e-01
1.343429237604141235e-01
-2.798829041421413422e-02
-2.562715411186218262e-01
-2.209448665380477905e-01
9.563280642032623291e-02
-2.484974712133407593e-01
5.961018055677413940e-02
-6.463287770748138428e-02
1.295198649168014526e-01
-2.475908696651458740e-01
5.710513144731521606e-02
-2.923398017883300781e-01
-1.017805263400077820e-01
-7.840337604284286499e-02
2.271384149789810181e-01
-3.771478831768035889e-01
5.427529662847518921e-02
-2.467307597398757935e-01
-9.630478918552398682e-02
9.458210319280624390e-02
2.552229166030883789e-02
-3.793978095054626465e-01
-3.241511881351470947e-01
-2.693117856979370117e-01
4.900016356259584427e-03
9.701792150735855103e-03
2.701085805892944336e-01
-2.493129074573516846e-01
-3.488030135631561279e-01
-3.203341364860534668e-01
8.639700710773468018e-03
-1.079554483294487000e-01
2.670174837112426758e-01
-1.514901667833328247e-01
-2.501662969589233398e-01
-1.448748726397752762e-02
4.645790904760360718e-02
-1.521097272634506226e-01
3.798696771264076233e-02
-2.341091074049472809e-02
3.746390715241432190e-02
7.639721035957336426e-02
-5.897429957985877991e-02
-8.029443770647048950e-02
2.865540795028209686e-02
9.744313359260559082e-02
-9.194795787334442139e-02
-2.347995527088642120e-02
4.063079133629798889e-02
1.238772571086883545e-01
6.669817864894866943e-02
3.476108610630035400e-02
-7.486391067504882812e-02
-2.696347609162330627e-02
-8.577461540699005127e-02
1.063277199864387512e-02
-6.699820607900619507e-02
2.768878825008869171e-02
4.119814187288284302e-02
1.504944860935211182e-01
1.072197407484054565e-02
-1.066436804831027985e-02
-2.369924820959568024e-02
5.867246165871620178e-02
1.745385229587554932e-01
1.168566644191741943e-01
-6.398793309926986694e-03
-9.443970024585723877e-02
1.031658127903938293e-01
-5.007682740688323975e-02
2.310049831867218018e-01
-1.089464426040649414e-01
-1.360779628157615662e-02
5.800245702266693115e-02
1.345853507518768311e-01
1.121084839105606079e-01
-1.297509856522083282e-02
-4.785984382033348083e-02
-7.100308686494827271e-02
-2.188517712056636810e-02
1.803852766752243042e-01
1.105407923460006714e-01
-1.555297970771789551e-01
-2.165597304701805115e-02
3.741468861699104309e-02
-8.387496322393417358e-02
-1.994303241372108459e-02
7.974789291620254517e-02
-2.461101673543453217e-02
5.888302111998200417e-04
-7.997163385152816772e-02
-1.389188319444656372e-01
1.884284168481826782e-01
8.050750941038131714e-02
-7.125916332006454468e-02
-1.193602383136749268e-01
-9.144753217697143555e-02
-3.249739110469818115e-02
1.637714207172393799e-01
-3.686669841408729553e-02
-7.665448635816574097e-02
-2.763783559203147888e-02
-7.507235556840896606e-02
-5.046692118048667908e-02
2.438049912452697754e-01
-2.296603918075561523e-01
-5.770426988601684570e-02
1.556351929903030396e-01
9.035739302635192871e-02
-2.602649629116058350e-01
1.256679594516754150e-01
-1.232839822769165039e-01
8.539010584354400635e-02
-4.135087132453918457e-02
-9.656211361289024353e-03
-7.714340835809707642e-02
-1.700226664543151855e-01
1.391269033774733543e-03
1.661278903484344482e-01
-9.095478802919387817e-02
-1.235253661870956421e-01
1.010333448648452759e-01
-6.148771196603775024e-02
1.284831315279006958e-01
-1.502277851104736328e-01
6.157569214701652527e-02
-1.730759441852569580e-01
2.789345085620880127e-01
-1.058795750141143799e-01
2.416718751192092896e-01
4.828376229852437973e-03
-6.098619103431701660e-02
-6.360957026481628418e-02
-7.372473180294036865e-02
2.253829687833786011e-01
-2.726375684142112732e-02
8.189779520034790039e-02
2.200767397880554199e-01
1.078966557979583740e-01
-1.104551851749420166e-01
2.851940132677555084e-02
-1.354862898588180542e-01
1.619818657636642456e-01
-2.681227922439575195e-01
1.475046109408140182e-02
6.081546843051910400e-02
-1.678698509931564331e-01
-1.631639748811721802e-01
-1.535339057445526123e-01
-1.205835491418838501e-01
-1.772415190935134888e-01
1.365673611871898174e-03
-8.584818243980407715e-02
1.069963909685611725e-03
-2.970961630344390869e-01
-1.138276904821395874e-01
-2.255447059869766235e-01
1.123954206705093384e-01
1.568535268306732178e-01
1.097619011998176575e-01
-2.215758711099624634e-01
3.108852803707122803e-01
7.125446200370788574e-02
-2.498523592948913574e-01
1.808278113603591919e-01
-7.096245884895324707e-02
1.120485439896583557e-01
1.049837470054626465e-01
1.593930833041667938e-02
-1.407577693462371826e-01
7.628457248210906982e-02
-2.773577272891998291e-01
3.191073834896087646e-01
-2.327571958303451538e-01
-1.326663140207529068e-02
-3.913776949048042297e-02
-1.344913095235824585e-01
1.466817706823348999e-01
-2.253639101982116699e-01
1.853527128696441650e-01
-8.230455219745635986e-03
-3.782639652490615845e-02
1.320413053035736084e-01
1.494280695915222168e-01
-1.439738124608993530e-01
2.724934816360473633e-01
1.845095455646514893e-01
2.094122953712940216e-02
2.693396620452404022e-02
2.588852941989898682e-01
1.032224223017692566e-01
3.057864904403686523e-01
-7.882744818925857544e-02
-3.254496157169342041e-01
6.129115819931030273e-02
-1.735178530216217041e-01
1.682404875755310059e-01
2.360526099801063538e-02
8.624790608882904053e-02
-2.311114668846130371e-01
1.018317267298698425e-01
-9.016502648591995239e-02
3.454185724258422852e-01
-1.082330495119094849e-01
-1.862923614680767059e-02
-4.087526351213455200e-03
-1.516665220260620117e-01
1.894294321537017822e-01
-5.988050252199172974e-02
1.518703401088714600e-01
2.213225513696670532e-01
-1.525661498308181763e-01
-1.185028851032257080e-01
-1.449469570070505142e-02
2.974080741405487061e-01
2.526941299438476562e-01
5.593930184841156006e-02
-3.952138870954513550e-02
-1.553539186716079712e-01
-9.670513123273849487e-02
3.869739174842834473e-01
2.722209095954895020e-01
-1.210614442825317383e-01
-2.417927235364913940e-01
1.692105680704116821e-01
-1.508482694625854492e-01
1.979215443134307861e-01
5.159997940063476562e-02
-3.478062897920608521e-02
-3.050228953361511230e-01
1.504870504140853882e-01
-1.315573304891586304e-01
3.164470493793487549e-01
-8.669594675302505493e-02
1.522663682699203491e-01
3.126099705696105957e-02
-1.165828257799148560e-01
1.990306675434112549e-01
-8.441521972417831421e-02
1.349782049655914307e-01
1.058089360594749451e-02
-7.546006143093109131e-02
-1.314198374748229980e-01
-1.181990057229995728e-01
5.552816018462181091e-02
-1.037216335535049438e-01
-6.237249821424484253e-02
1.057952120900154114e-01
1.598084229044616222e-03
-1.899878233671188354e-01
-1.220265030860900879e-01
-2.606978714466094971e-01
5.281911417841911316e-02
-1.522555053234100342e-01
-1.036861762404441833e-01
-2.733088731765747070e-01
-1.995124369859695435e-01
-6.108281016349792480e-02
1.381866261363029480e-02
-1.595381647348403931e-01
-1.815816760063171387e-01
-3.946072608232498169e-02
-1.354100853204727173e-01
6.743218004703521729e-02
1.111125349998474121e-01
-2.094179391860961914e-01
-1.299144178628921509e-01
-1.053511258214712143e-02
1.372536420822143555e-01
1.868839263916015625e-01
-7.012329995632171631e-02
-1.872005015611648560e-01
-1.891490221023559570e-01
3.395065292716026306e-02
3.976586274802684784e-03
-8.408483117818832397e-03
3.102780086919665337e-03
-1.162244305014610291e-01
-1.787994951009750366e-01
-4.646941646933555603e-02
5.749968439340591431e-02
-1.974283903837203979e-02
-4.268815368413925171e-02
-6.074936687946319580e-02
1.655578240752220154e-02
-1.771587878465652466e-01
-5.867786332964897156e-02
-1.006693914532661438e-01
-6.764394044876098633e-02
-2.542063295841217041e-01
-1.679020375013351440e-01
-9.198743104934692383e-02
7.974772900342941284e-02
-9.932635724544525146e-02
6.114023178815841675e-02
-9.641565382480621338e-02
-1.981103867292404175e-01
-1.477170884609222412e-01
1.454373300075531006e-01
7.080100476741790771e-02
-5.861232802271842957e-02
-1.840978302061557770e-02
-2.608103156089782715e-01
4.303064942359924316e-02
-3.175209835171699524e-02
7.357913255691528320e-02
1.123573854565620422e-01
-5.904394760727882385e-02
-2.607166469097137451e-01
5.107123404741287231e-02
8.937571197748184204e-02
-1.246006488800048828e-01
-1.806977838277816772e-01
5.084053426980972290e-02
4.522820003330707550e-03
-2.144575715065002441e-01
-1.117897778749465942e-01
-2.891106903553009033e-01
-1.523607522249221802e-01
1.994052901864051819e-02
-7.552923262119293213e-02
-2.928752601146697998e-01
-4.043142870068550110e-02
-3.446656465530395508e-01
-1.710704267024993896e-01
-1.738077551126480103e-01
1.586323380470275879e-01
-4.591536223888397217e-01
6.133152171969413757e-02
-2.251032888889312744e-01
-9.812343120574951172e-02
-2.095874547958374023e-01
1.974659971892833710e-02
-2.251284420490264893e-01
7.433849573135375977e-02
4.387778416275978088e-02
4.979499801993370056e-02
-6.065902113914489746e-02
-2.483989745378494263e-01
2.927660383284091949e-02
1.141120046377182007e-01
-2.286442071199417114e-01
-2.643972635269165039e-01
7.597947120666503906e-02
1.660354882478713989e-01
2.658183500170707703e-02
-9.953356534242630005e-02
-1.310626715421676636e-01
-2.403468489646911621e-01
1.686100661754608154e-01
4.898686334490776062e-02
8.134592324495315552e-02
-3.801352083683013916e-01
-8.636830002069473267e-02
-3.547725975513458252e-01
9.231349080801010132e-02
2.004251629114151001e-01
-9.971139580011367798e-02
-2.486479878425598145e-01
-1.252818554639816284e-01
-1.250046789646148682e-01
-1.453493684530258179e-01
3.386523723602294922e-01
-3.825078904628753662e-01
-1.433296948671340942e-01
-1.078807786107063293e-01
-5.999616160988807678e-02
-1.054753139615058899e-01
2.163739502429962158e-01
-2.507594823837280273e-01
-9.503345936536788940e-03
1.169221401214599609e-01
-3.974075987935066223e-02
2.039821073412895203e-02
8.059897273778915405e-02
1.784073710441589355e-01
1.969585865736007690e-01
1.609511375427246094e-01
-2.115503139793872833e-02
6.080810725688934326e-02
-7.116802781820297241e-02
2.758563458919525146e-01
1.333350986242294312e-01
5.154988914728164673e-02
-1.222957298159599304e-01
1.838470250368118286e-01
-1.751671433448791504e-01
4.106750786304473877e-01
-3.794838488101959229e-02
-1.005055010318756104e-02
-2.145207375288009644e-01
-5.889080092310905457e-02
2.345110177993774414e-01
1.025602966547012329e-01
-2.529117837548255920e-02
-1.886997073888778687e-01
-1.879571527242660522e-01
-6.522966176271438599e-02
3.536246716976165771e-01
-2.460219264030456543e-01
1.673717983067035675e-02
8.397351205348968506e-02
1.305188238620758057e-01
-1.009185761213302612e-01
-2.919005055446177721e-04
-2.961244620382785797e-02
2.774401381611824036e-02
-1.827411539852619171e-02
1.720104962587356567e-01
8.866828866302967072e-04
-1.079064980149269104e-01
7.687888294458389282e-02
7.297807186841964722e-02
2.096781879663467407e-01
1.673540323972702026e-01
6.984804756939411163e-03
-2.428422123193740845e-01
7.203763723373413086e-02
3.764351829886436462e-02
2.660072445869445801e-01
1.741494834423065186e-01
-2.629532106220722198e-02
-2.484563440084457397e-01
4.762456715106964111e-01
8.192355185747146606e-02
1.812539100646972656e-01
2.221963703632354736e-01
8.284424990415573120e-02
-3.149555027484893799e-01
4.731308221817016602e-01
5.054137855768203735e-02
-1.986534148454666138e-02
1.007708087563514709e-01
1.491806376725435257e-02
1.166753470897674561e-01
-1.698671877384185791e-01
1.002419292926788330e-01
2.176382578909397125e-03
1.343647688627243042e-01
4.518888518214225769e-02
-1.293432060629129410e-02
-2.154748141765594482e-01
5.680213123559951782e-02
-1.004053801298141479e-01
6.443593651056289673e-02
-1.383574306964874268e-01
-1.422681659460067749e-01
-1.082171425223350525e-01
2.017420232295989990e-01
-2.953620553016662598e-01
-1.534207258373498917e-02
8.580321446061134338e-04
-1.054812669754028320e-01
-1.533382087945938110e-01
1.185457110404968262e-01
-3.550593256950378418e-01
-6.214142963290214539e-02
2.606463991105556488e-02
-1.410108953714370728e-01
-1.408272981643676758e-01
-3.874313458800315857e-02
3.544296696782112122e-02
-5.210461467504501343e-02
1.488091051578521729e-01
-1.108376011252403259e-01
-1.829354092478752136e-02
4.843378439545631409e-02
-3.376337140798568726e-02
-7.438138872385025024e-02
1.182948146015405655e-02
2.104127556085586548e-01
-1.097333356738090515e-01
-1.793097704648971558e-01
-2.980619966983795166e-01
-2.314585447311401367e-01
7.629116624593734741e-02
1.614285409450531006e-01
-3.081862628459930420e-01
-1.937905997037887573e-01
-3.643441498279571533e-01
-1.029094159603118896e-01
2.400978803634643555e-01
2.629547417163848877e-01
-2.889397144317626953e-01
-3.343667685985565186e-01
-1.792094409465789795e-01
-2.021591067314147949e-01
1.391008496284484863e-01
2.214326113462448120e-01
-2.151069790124893188e-02
-3.058481812477111816e-01
4.828732833266258240e-02
9.490684419870376587e-02
1.652083545923233032e-01
-2.677493095397949219e-01
1.790663152933120728e-01
-1.490270793437957764e-01
2.561773061752319336e-01
1.368038654327392578e-01
1.811758577823638916e-01
-1.940258741378784180e-01
1.937511861324310303e-01
-1.834732294082641602e-02
-5.596176162362098694e-02
-5.176191776990890503e-02
2.875931560993194580e-01
-1.920287869870662689e-02
2.999706007540225983e-02
1.737232506275177002e-02
2.292541321367025375e-03
9.218860417604446411e-02
2.300892919301986694e-01
7.513780891895294189e-02
1.393420845270156860e-01
-1.894491761922836304e-01
8.311343938112258911e-02
-5.082435905933380127e-02
1.277700960636138916e-01
9.350001811981201172e-02
-5.992681160569190979e-02
7.131154835224151611e-02
1.038389727473258972e-01
2.112118899822235107e-01
6.156487017869949341e-02
-1.918376609683036804e-02
-1.027094293385744095e-02
9.286847710609436035e-02
2.780056297779083252e-01
1.895616948604583740e-01
1.156907454133033752e-01
-2.759390771389007568e-01
2.466467618942260742e-01
8.465936034917831421e-02
1.917779892683029175e-01
2.488702386617660522e-01
1.561502665281295776e-01
-2.965152561664581299e-01
2.434892952442169189e-01
4.906599596142768860e-02
1.773652285337448120e-01
2.895761094987392426e-02
1.544206291437149048e-01
-1.058316156268119812e-01
1.780937761068344116e-01
-1.186326593160629272e-01
9.907181560993194580e-02
4.966197162866592407e-02
9.557975083589553833e-02
5.963292904198169708e-03
1.442215219140052795e-02
6.441280245780944824e-03
-1.234505176544189453e-01
2.484007366001605988e-02
1.234590336680412292e-01
-3.232485055923461914e-02
-1.061794087290763855e-01
9.909193962812423706e-02
-9.324990212917327881e-02
6.481784582138061523e-02
1.502703758887946606e-03
7.248416543006896973e-02
-2.503507137298583984e-01
1.250508893281221390e-02
-1.909575657919049263e-03
1.153099238872528076e-01
-3.181978315114974976e-02
-3.070456907153129578e-02
-1.512365043163299561e-01
5.119635537266731262e-02
2.478318847715854645e-02
2.163161188364028931e-01
-1.058870255947113037e-01
-1.407657563686370850e-02
9.010016173124313354e-02
-5.237562581896781921e-02
-1.112668961286544800e-01
4.566961899399757385e-02
-2.358940094709396362e-01
-3.104116320610046387e-01
-2.514203451573848724e-02
1.674016565084457397e-01
7.233843207359313965e-02
3.075193427503108978e-02
8.005297929048538208e-02
-3.313050046563148499e-02
-9.342223405838012695e-02
-4.105473309755325317e-02
1.478321403264999390e-01
9.836076945066452026e-02
-1.589567214250564575e-01
-4.967206344008445740e-02
-2.183055132627487183e-02
1.099653542041778564e-01
5.974423885345458984e-02
1.465376019477844238e-01
5.735388025641441345e-03
-1.423101425170898438e-01
-1.025103107094764709e-01
1.402544975280761719e-01
-5.654832720756530762e-02
-2.660905942320823669e-02
-1.898062601685523987e-02
-2.907780408859252930e-01
-1.640182584524154663e-01
8.175434172153472900e-02
-3.217980563640594482e-01
-1.448413729667663574e-01
-1.016617864370346069e-01
-1.900628656148910522e-01
-2.665303945541381836e-01
-9.369954466819763184e-02
1.440861634910106659e-02
7.823940366506576538e-03
1.178472861647605896e-01
-4.092749580740928650e-02
8.447039127349853516e-02
1.784259639680385590e-02
2.713411301374435425e-02
1.863703690469264984e-02
-2.838224638253450394e-03
-2.074089497327804565e-01
-1.276013553142547607e-01
2.335489392280578613e-01
-2.319948971271514893e-01
-4.682860523462295532e-02
8.652257174253463745e-02
-7.693666219711303711e-02
-2.858228385448455811e-01
6.956160068511962891e-02
-5.465412139892578125e-01
-2.807998955249786377e-01
7.678283005952835083e-02
1.130368374288082123e-02
-1.651969999074935913e-01
-2.676427364349365234e-01
-1.617442965507507324e-01
-1.558377444744110107e-01
9.701455710455775261e-04
2.328175604343414307e-01
8.923363685607910156e-02
-1.847258061170578003e-01
-1.890288889408111572e-01
-2.154421992599964142e-02
1.733472198247909546e-01
-1.727102845907211304e-01
-2.859941422939300537e-01
1.002542525529861450e-01
-2.623721957206726074e-01
-6.667223572731018066e-02
3.765151277184486389e-02
8.874139189720153809e-02
-2.929524779319763184e-01
-1.594168990850448608e-01
-3.366848826408386230e-01
-3.483929038047790527e-01
1.105566918849945068e-01
1.652292311191558838e-01
4.545078799128532410e-02
-3.962664306163787842e-01
-1.124055236577987671e-01
-2.197174280881881714e-01
3.067613206803798676e-02
8.223386853933334351e-02
1.094383001327514648e-01
-1.732140928506851196e-01
9.141387045383453369e-02
-1.717646121978759766e-01
-2.451550215482711792e-01
3.539757058024406433e-02
8.687415719032287598e-02
1.070564538240432739e-01
-2.839209437370300293e-01
-2.273219972848892212e-01
2.782085537910461426e-01
2.383491098880767822e-01
-1.156210154294967651e-01
-2.281922549009323120e-01
-1.869203150272369385e-01
-1.965858340263366699e-01
1.762499287724494934e-02
2.619445882737636566e-02
-2.294345991685986519e-03
-1.783384978771209717e-01
-8.545619249343872070e-02
-6.659494340419769287e-02
-9.460044652223587036e-02
2.644532732665538788e-02
1.778115481138229370e-01
2.170458063483238220e-02
1.189785264432430267e-02
-1.058787107467651367e-01
-4.540839791297912598e-02
-6.771770864725112915e-02
6.390080600976943970e-02
4.780331254005432129e-02
-5.465450137853622437e-02
-1.588168293237686157e-01
-1.217332035303115845e-01
1.902984976768493652e-01
-5.275300517678260803e-02
-2.854955568909645081e-02
-2.171996235847473145e-02
-3.599016740918159485e-02
1.943809837102890015e-01
8.718352019786834717e-02
-1.658467650413513184e-01
-7.056281715631484985e-02
5.644572153687477112e-02
1.163738034665584564e-02
1.682891249656677246e-01
1.438359618186950684e-01
-8.897482603788375854e-02
2.272165566682815552e-02
1.357530150562524796e-02
2.285765483975410461e-02
-3.085839096456766129e-03
-1.267976243980228901e-03
2.869289834052324295e-03
1.403898466378450394e-02
4.206602275371551514e-02
8.767938613891601562e-02
3.910847753286361694e-02
-1.436593085527420044e-01
-4.710896313190460205e-02
9.582647681236267090e-02
-4.723972454667091370e-02
5.600016936659812927e-02
-2.645459957420825958e-02
-1.034300103783607483e-01
-6.016142293810844421e-02
5.337574053555727005e-03
5.642356723546981812e-02
-5.238374695181846619e-02
2.099055349826812744e-01
2.494111955165863037e-01
-3.363600000739097595e-03
7.205261383205652237e-03
1.165796741843223572e-01
1.409174948930740356e-01
1.137164086103439331e-01
1.236692145466804504e-01
1.014888882637023926e-01
1.871431022882461548e-01
5.709744617342948914e-02
4.100547730922698975e-02
7.876551151275634766e-02
-1.741800010204315186e-01
-4.318052530288696289e-02
2.718188241124153137e-02
-4.930479079484939575e-02
-1.688262373208999634e-01
7.835211604833602905e-02
-1.666153408586978912e-02
-6.719651073217391968e-02
-1.503592878580093384e-01
-1.632070839405059814e-01
-2.902161777019500732e-01
-1.098901405930519104e-01
9.416336566209793091e-02
-7.120007276535034180e-02
-1.077536195516586304e-01
2.281918823719024658e-01
7.147754728794097900e-02
2.391159534454345703e-01
4.167531430721282959e-02
-4.039993882179260254e-02
3.061738908290863037e-01
-5.717859417200088501e-02
2.103868275880813599e-01
1.926053166389465332e-01
-1.171364039182662964e-01
-1.217668801546096802e-01
1.102382764220237732e-01
-1.550218313932418823e-01
-1.298509985208511353e-01
1.311395466327667236e-01
9.020979702472686768e-02
-8.797278255224227905e-02
-8.793427050113677979e-02
-1.978147923946380615e-01
-2.701532840728759766e-01
-7.106834650039672852e-02
-4.884076304733753204e-03
7.027971744537353516e-02
-2.498439401388168335e-01
-6.233576312661170959e-02
-3.917883634567260742e-01
-1.273759752511978149e-01
2.792063355445861816e-01
-5.012720078229904175e-02
-2.001519650220870972e-01
1.005253270268440247e-01
2.643271684646606445e-01
8.287760615348815918e-02
2.574692107737064362e-02
-2.913054227828979492e-01
2.350613921880722046e-01
-2.097788639366626740e-02
3.992643952369689941e-02
7.781214080750942230e-03
-1.100577786564826965e-01
6.075300276279449463e-02
-8.331658691167831421e-02
5.939254537224769592e-02
-3.843310102820396423e-02
-1.981495171785354614e-01
-2.023985385894775391e-01
2.230388671159744263e-01
-9.082927554845809937e-02
2.893034517765045166e-01
-9.783840738236904144e-03
-2.133778780698776245e-01
-1.208936274051666260e-01
3.718548417091369629e-01
-1.112714037299156189e-01
1.945904642343521118e-01
-6.898436695337295532e-02
-1.451195478439331055e-01
-1.674865372478961945e-02
1.472447365522384644e-01
-2.244671992957592010e-02
-1.198645532131195068e-01
5.530742555856704712e-02
1.729480177164077759e-01
1.731034815311431885e-01
-3.086740076541900635e-01
8.429075032472610474e-02
-1.587602049112319946e-01
1.607500389218330383e-02
-8.967415988445281982e-02
6.564463675022125244e-02
-4.597961530089378357e-02
6.776133924722671509e-02
-1.203396823257207870e-02
2.138542532920837402e-01
-3.072563111782073975e-01
-1.326752603054046631e-01
-1.082918867468833923e-01
2.266703993082046509e-01
4.946846514940261841e-02
1.219875663518905640e-01
-1.093464270234107971e-01
-2.891070842742919922e-01
2.123367190361022949e-01
1.705900877714157104e-01
1.016466133296489716e-02
-1.097232103347778320e-01
-6.933873891830444336e-02
-2.192193865776062012e-01
3.026759028434753418e-01
-5.929765105247497559e-02
-4.171890672296285629e-03
1.521238982677459717e-01
1.303320527076721191e-01
-6.811725348234176636e-02
-5.454856157302856445e-02
2.243982553482055664e-01
-1.627195440232753754e-02
1.405996084213256836e-01
-4.129739105701446533e-02
4.383094608783721924e-03
-1.458358615636825562e-01
9.206841886043548584e-02
7.499937713146209717e-02
5.527236312627792358e-02
1.008662208914756775e-02
-6.908107548952102661e-02
1.678161323070526123e-02
2.614423865452408791e-03
-2.429437637329101562e-02
1.349321752786636353e-01
8.187066763639450073e-02
-1.819922477006912231e-01
4.592477157711982727e-02
1.845640391111373901e-01
-1.445441395044326782e-01
3.547322005033493042e-02
-1.939669251441955566e-02
-6.269300729036331177e-02
-2.584901824593544006e-02
-7.670854777097702026e-02
-7.844180613756179810e-02
-2.907697111368179321e-02
2.518933415412902832e-01
-1.296283006668090820e-01
-2.125074863433837891e-01
9.041073173284530640e-02
-3.175258263945579529e-02
1.235601231455802917e-01
1.701103001832962036e-01
7.646706420928239822e-03
-1.123057603836059570e-01
-1.581942439079284668e-01
1.039331704378128052e-01
9.600491821765899658e-02
3.745093196630477905e-02
1.060782521963119507e-01
2.040799707174301147e-02
5.215109884738922119e-02
-1.074478477239608765e-01
-4.161524772644042969e-02
2.668992877006530762e-01
-2.117559909820556641e-01
3.360242350026965141e-03
-1.265648156404495239e-01
-4.442015290260314941e-02
-2.162586338818073273e-02
2.311300784349441528e-01
1.436438858509063721e-01
1.537550240755081177e-01
-3.354466259479522705e-01
-1.219548285007476807e-02
9.296269714832305908e-02
3.059350550174713135e-01
-1.350453346967697144e-01
1.097577437758445740e-01
-7.309106737375259399e-02
1.472623795270919800e-01
2.956172637641429901e-02
1.343789100646972656e-01
-1.483263261616230011e-02
-1.000791266560554504e-01
-7.200933992862701416e-02
9.924067556858062744e-02
2.291531115770339966e-01
1.960989385843276978e-01
-7.288721948862075806e-02
-2.058614194393157959e-01
1.878841593861579895e-02
-2.269505858421325684e-01
1.417418867349624634e-01
3.842318654060363770e-01
-1.245805341750383377e-02
8.551777899265289307e-02
-1.494802087545394897e-01
2.532738149166107178e-01
3.184520453214645386e-02
1.805390417575836182e-01
1.871187984943389893e-01
2.874847687780857086e-02
-1.885112822055816650e-01
1.171914786100387573e-01
3.965072706341743469e-02
1.977054923772811890e-01
-1.814683824777603149e-01
2.694945037364959717e-01
2.012274414300918579e-02
2.516644820570945740e-02
3.551085665822029114e-02
5.843178182840347290e-02
7.022782415151596069e-02
1.242970675230026245e-02
8.511822670698165894e-02
-1.045029535889625549e-01
1.307159960269927979e-01
1.150252670049667358e-01
9.568089991807937622e-02
-2.304180115461349487e-01
1.055366843938827515e-01
-1.363683491945266724e-01
8.655790239572525024e-02
2.905243933200836182e-01
-6.137319281697273254e-02
1.103139668703079224e-01
-1.391014158725738525e-01
3.463048636913299561e-01
2.026402205228805542e-01
-9.507409483194351196e-02
7.323238253593444824e-02
-1.170549634844064713e-02
1.482342183589935303e-01
-6.639059633016586304e-02
-2.249093726277351379e-02
1.890342235565185547e-01
-2.887183427810668945e-01
1.146835237741470337e-01
-6.821341067552566528e-02
6.914280354976654053e-02
2.300448343157768250e-02
4.224281013011932373e-02
-6.691241264343261719e-02
5.887579172849655151e-02
-6.635006517171859741e-02
-1.635639071464538574e-01
5.595060810446739197e-02
1.733659356832504272e-01
2.234972864389419556e-01
-2.256349921226501465e-01
-9.559641778469085693e-02
-2.504926174879074097e-02
1.163004189729690552e-01
-4.689314216375350952e-02
-6.819679588079452515e-02
-2.189097180962562561e-02
1.076360978186130524e-02
5.038547888398170471e-02
2.203675508499145508e-01
-1.122873425483703613e-01
-1.246832124888896942e-02
-1.288955658674240112e-01
2.522905170917510986e-01
-5.781586468219757080e-02
-9.495231509208679199e-02
-3.666253387928009033e-02
1.071382081136107445e-03
-5.399203673005104065e-02
1.095042154192924500e-01
-1.100465655326843262e-01
2.148409932851791382e-02
-2.356191631406545639e-03
9.768967516720294952e-03
-9.333657799288630486e-04
1.779597811400890350e-02
7.696178555488586426e-02
-2.976159565150737762e-02
1.261874288320541382e-01
-3.046944551169872284e-02
-3.442687541246414185e-02
-1.664066105149686337e-03
-2.433298379182815552e-01
6.690344214439392090e-02
2.961301505565643311e-01
-3.666535485535860062e-03
-1.471377909183502197e-01
-1.802489310503005981e-01
-1.342365294694900513e-01
1.819167286157608032e-02
1.329336166381835938e-01
2.433604001998901367e-01
-1.854408532381057739e-01
-3.355688452720642090e-01
-2.175812609493732452e-02
1.161070913076400757e-02
-5.534827243536710739e-03
1.283764541149139404e-01
3.089370951056480408e-02
-3.021123260259628296e-02
-4.395392723381519318e-03
-5.656884238123893738e-02
2.648671567440032959e-01
3.880859911441802979e-02
-6.032503768801689148e-02
-1.467096805572509766e-01
1.229525543749332428e-02
-3.917037323117256165e-02
1.134103313088417053e-01
1.331985443830490112e-01
-8.109400421380996704e-02
6.082763895392417908e-02
-2.892316281795501709e-01
-8.710471913218498230e-03
5.207426548004150391e-01
-1.246927827596664429e-01
1.763146668672561646e-01
-3.263970017433166504e-01
1.989360302686691284e-01
1.063592731952667236e-01
1.510867029428482056e-01
3.182240128517150879e-01
1.098100617527961731e-01
1.311481464654207230e-02
6.014745682477951050e-03
-4.507969319820404053e-02
1.088232025504112244e-01
4.987266846001148224e-03
6.028814241290092468e-02
4.756619036197662354e-02
-8.167929947376251221e-02
5.171494930982589722e-02
2.140232473611831665e-01
6.411826610565185547e-02
8.209149353206157684e-03
-2.599176019430160522e-03
-1.761898845434188843e-01
-6.262793391942977905e-02
3.278138637542724609e-01
-2.650252543389797211e-02
4.681500792503356934e-02
-2.647289820015430450e-02
-1.072657927870750427e-01
-6.545390188694000244e-02
2.973805963993072510e-01
-7.074384391307830811e-02
3.212819397449493408e-01
-2.878760397434234619e-01
2.955659031867980957e-01
5.988100543618202209e-02
-2.694884315133094788e-02
2.515546679496765137e-01
-2.169080078601837158e-01
1.411584466695785522e-01
-3.430999442934989929e-02
7.631175965070724487e-02
1.026930883526802063e-01
2.116468548774719238e-02
-6.974612176418304443e-02
-9.126346558332443237e-02
8.025410771369934082e-02
-1.331547647714614868e-02
2.458544820547103882e-02
1.252677440643310547e-01
-1.479189544916152954e-01
-1.564552262425422668e-02
8.916416764259338379e-02
2.115510590374469757e-02
1.592409163713455200e-01
-2.014361787587404251e-03
2.708474695682525635e-01
-8.028977364301681519e-02
1.572712063789367676e-01
1.672920770943164825e-02
2.531419098377227783e-01
-1.595577299594879150e-01
2.387585937976837158e-01
-1.019810978323221207e-02
1.957268863916397095e-01
1.161292642354965210e-01
-5.387365072965621948e-02
7.340929657220840454e-02
-1.457833498716354370e-01
2.959977090358734131e-01
1.632643043994903564e-01
-5.373979452997446060e-03
-3.447449952363967896e-02
-5.189965665340423584e-02
1.734764128923416138e-01
1.219037249684333801e-01
8.938200026750564575e-02
1.866597384214401245e-01
2.119209431111812592e-02
-3.128296136856079102e-02
1.099519804120063782e-02
1.148424446582794189e-01
1.096073836088180542e-01
9.484308212995529175e-02
3.111860714852809906e-02
-2.303443551063537598e-01
-6.648844480514526367e-02
7.627271115779876709e-02
1.857073456048965454e-01
9.964051842689514160e-02
-7.609524577856063843e-02
-3.146808743476867676e-01
1.876908391714096069e-01
-5.100433528423309326e-02
1.458852887153625488e-01
1.610081791877746582e-01
-5.196167528629302979e-02
-1.006389856338500977e-01
2.168529294431209564e-02
6.317023932933807373e-02
7.734335958957672119e-02
5.930984392762184143e-03
-4.660946875810623169e-02
-4.489909857511520386e-02
2.092399448156356812e-01
-2.707165479660034180e-01
1.886079609394073486e-01
-1.803613081574440002e-02
-2.411182373762130737e-01
1.362566947937011719e-01
-1.148778572678565979e-02
7.578800898045301437e-03
-9.498951584100723267e-02
-3.144077956676483154e-03
-1.048162728548049927e-01
-1.294065117835998535e-01
7.996100932359695435e-02
-8.282355219125747681e-02
8.636738639324903488e-04
-1.210118383169174194e-01
-8.258775621652603149e-02
5.515796691179275513e-02
1.858337549492716789e-03
-1.540591865777969360e-01
1.717657595872879028e-01
4.292651265859603882e-02
5.059867631644010544e-03
5.915626138448715210e-02
-5.393099412322044373e-02
1.521707326173782349e-01
2.693428844213485718e-02
-1.988171599805355072e-02
7.166697829961776733e-02
-1.081255376338958740e-01
2.185551524162292480e-01
-8.622051775455474854e-02
-1.370684206485748291e-01
-1.670654565095901489e-01
-7.817301899194717407e-02
1.828752905130386353e-01
-1.534859985113143921e-01
-8.975529670715332031e-02
-1.900742650032043457e-01
-2.604584991931915283e-01
6.772798299789428711e-02
2.101383060216903687e-01
-4.127591475844383240e-02
-1.399452239274978638e-01
2.128115445375442505e-01
-5.027106776833534241e-02
3.974245116114616394e-02
2.581620514392852783e-01
2.799335308372974396e-02
4.907120019197463989e-02
1.245268359780311584e-01
-3.270580247044563293e-02
-6.199896708130836487e-02
2.913468703627586365e-02
-1.948015540838241577e-01
2.488038688898086548e-01
4.755363613367080688e-02
-1.176762506365776062e-01
-1.742147952318191528e-01
-1.712483353912830353e-02
3.144739568233489990e-01
-3.345076441764831543e-01
1.562690734863281250e-02
-2.040595710277557373e-01
-1.971252709627151489e-01
1.323412656784057617e-01
3.151646852493286133e-01
-7.614227011799812317e-03
2.879632711410522461e-01
-8.147989958524703979e-02
-3.988905623555183411e-02
-7.558155059814453125e-02
2.131230235099792480e-01
-6.113922968506813049e-02
2.499709427356719971e-01
-4.300528392195701599e-02
-1.403432041406631470e-01
-9.449093043804168701e-02
-5.868490785360336304e-02
9.202278405427932739e-02
-3.661094605922698975e-02
2.699268609285354614e-02
1.736112087965011597e-01
1.881057396531105042e-02
-1.129552870988845825e-01
7.155860960483551025e-02
2.922942638397216797e-01
2.594133615493774414e-01
-7.403571158647537231e-02
-3.880690336227416992e-01
6.019488573074340820e-01
1.861126124858856201e-01
1.738312691450119019e-01
1.320840567350387573e-01
-2.469517886638641357e-01
-2.399913370609283447e-01
2.114179283380508423e-01
2.242420166730880737e-01
2.635807394981384277e-01
1.836157403886318207e-02
8.923565037548542023e-03
1.799558475613594055e-02
1.153303831815719604e-01
9.595243632793426514e-02
-5.154940485954284668e-02
-1.036239340901374817e-01
7.877230644226074219e-02
4.539635032415390015e-02
-5.846642330288887024e-02
2.252496313303709030e-03
-1.120957285165786743e-01
-1.752122044563293457e-01
2.276041954755783081e-01
7.069519162178039551e-02
3.521423041820526123e-02
-3.919546306133270264e-02
-1.310413330793380737e-01
1.361248493194580078e-01
-2.598426043987274170e-01
-3.788142800331115723e-01
-7.895055413246154785e-02
1.282903552055358887e-01
-1.497710794210433960e-01
4.383265227079391479e-02
-2.335846982896327972e-02
-1.794571131467819214e-01
1.742040812969207764e-01
2.539977803826332092e-02
3.478248789906501770e-02
6.918452680110931396e-02
-1.419634819030761719e-01
7.908556610345840454e-02
-8.375382423400878906e-02
1.277320086956024170e-01
-3.917825967073440552e-02
-1.147420406341552734e-01
1.210217177867889404e-02
-1.379572451114654541e-01
1.486947834491729736e-01
-8.285173773765563965e-02
2.923730062320828438e-03
-9.159051626920700073e-02
-2.595474198460578918e-02
1.813709735870361328e-02
9.106195718050003052e-02
-1.291028112173080444e-01
1.538906805217266083e-02
5.799877643585205078e-02
-1.946888267993927002e-01
-4.773904010653495789e-02
-9.535816311836242676e-02
-1.522570010274648666e-02
-2.582028694450855255e-02
1.264449357986450195e-01
-2.887628972530364990e-02
-1.349910944700241089e-01
1.962092369794845581e-01
-1.978644542396068573e-02
-2.943721041083335876e-02
1.113778352737426758e-01
-6.995885074138641357e-02
-1.667407453060150146e-01
2.338303774595260620e-01
-1.620307266712188721e-01
1.538115590810775757e-01
2.675807103514671326e-02
7.910130918025970459e-02
-1.549526304006576538e-01
5.146369338035583496e-01
-1.335406601428985596e-01
3.472592830657958984e-01
1.470948606729507446e-01
5.961826443672180176e-02
-1.199188455939292908e-01
4.135586619377136230e-01
4.492302611470222473e-02
-1.011658459901809692e-01
-7.386589050292968750e-02
4.429499804973602295e-02
6.464178208261728287e-03
-2.213617265224456787e-01
-1.866136491298675537e-02
3.283053636550903320e-02
9.436687082052230835e-02
-1.301763504743576050e-01
1.194084212183952332e-01
-1.428910046815872192e-01
2.294231392443180084e-02
4.825735092163085938e-02
1.964270174503326416e-01
-1.064639911055564880e-02
-2.117913961410522461e-01
5.400669574737548828e-02
1.141586676239967346e-01
2.019837051630020142e-01
1.770353615283966064e-01
-1.265057921409606934e-01
-4.237564504146575928e-01
2.480383068323135376e-01
2.976946532726287842e-01
3.014954365789890289e-02
3.133367747068405151e-02
1.197672486305236816e-01
-2.934912741184234619e-01
2.738601565361022949e-01
2.992316186428070068e-01
-3.234495222568511963e-02
-1.082474738359451294e-01
-6.634582579135894775e-02
2.961369976401329041e-02
-9.037077426910400391e-02
-7.490077614784240723e-02
8.813545852899551392e-02
-8.902132511138916016e-02
-5.906637012958526611e-02
1.042597834020853043e-02
-9.041806310415267944e-02
1.111404746770858765e-01
-3.292513787746429443e-01
-3.994924575090408325e-02
5.210972949862480164e-02
-2.276244014501571655e-02
-2.525310516357421875e-01
6.204330362379550934e-03
-5.360574126243591309e-01
-2.008114010095596313e-01
-6.645198166370391846e-02
1.126793697476387024e-01
-4.439812004566192627e-01
-2.477933168411254883e-01
-3.425085246562957764e-01
-3.148382902145385742e-01
9.267028421163558960e-02
1.918915212154388428e-01
-2.560549378395080566e-01
-4.346922039985656738e-01
-5.310928076505661011e-02
-7.289405912160873413e-02
-1.224510185420513153e-02
2.693049050867557526e-02
3.808220103383064270e-02
-6.109505519270896912e-02
-3.716142475605010986e-02
-3.505010902881622314e-02
9.505910426378250122e-02
-2.543318085372447968e-02
-3.290542960166931152e-02
7.338711619377136230e-02
-2.347378432750701904e-01
-2.172563672065734863e-01
6.477038562297821045e-02
1.582583934068679810e-01
-3.143027424812316895e-02
-3.150916993618011475e-01
-5.835552513599395752e-02
-2.921207547187805176e-01
-5.494578275829553604e-03
1.213146224617958069e-01
1.045539826154708862e-01
-2.714745700359344482e-01
1.853814870119094849e-01
6.321094185113906860e-02
-1.981187462806701660e-01
-8.354723453521728516e-02
5.241436511278152466e-02
1.069626957178115845e-01
-7.953031361103057861e-02
-2.304067760705947876e-01
5.008932948112487793e-02
1.188858300447463989e-01
-4.500248283147811890e-02
4.165611043572425842e-02
-1.295602768659591675e-01
-1.403614282608032227e-01
8.558163791894912720e-02
1.766820102930068970e-01
5.525711923837661743e-03
-1.925735920667648315e-02
5.141410976648330688e-02
-1.418935954570770264e-01
-5.131606385111808777e-02
9.270281344652175903e-02
8.994612097740173340e-02
-1.155355647206306458e-01
3.224860727787017822e-01
1.523593366146087646e-01
-1.221748813986778259e-01
-9.118790924549102783e-02
4.667017608880996704e-02
1.995915621519088745e-01
1.788474917411804199e-01
1.554434597492218018e-01
-1.638964861631393433e-01
-3.834780678153038025e-02
-6.424639374017715454e-02
3.081200122833251953e-01
1.097440123558044434e-01
-9.428127110004425049e-02
-3.082576021552085876e-02
1.612135171890258789e-01
3.605580329895019531e-02
-4.915693774819374084e-02
1.445960998535156250e-01
-2.319956570863723755e-02
1.034690588712692261e-01
1.080878674983978271e-01
-8.654686808586120605e-02
4.610858857631683350e-02
-1.289255768060684204e-01
-6.511799991130828857e-03
3.422427177429199219e-02
1.179558783769607544e-01
-1.940685659646987915e-01
1.531823351979255676e-02
-7.672151178121566772e-02
8.189862966537475586e-02
1.805410720407962799e-02
2.429739683866500854e-01
-1.634445786476135254e-01
-7.609229534864425659e-02
5.992579273879528046e-03
8.779332041740417480e-02
-2.077469080686569214e-01
5.526993051171302795e-02
-3.561771661043167114e-02
1.261977255344390869e-01
9.552695602178573608e-02
-1.255783624947071075e-02
-5.203288048505783081e-02
-1.028868556022644043e-01
-6.793234497308731079e-02
8.517099916934967041e-02
-1.144238188862800598e-02
-1.006320957094430923e-02
-1.400284469127655029e-01
-8.632067590951919556e-02
1.084982305765151978e-01
2.528543584048748016e-03
1.792622804641723633e-01
9.815557301044464111e-02
-4.396287351846694946e-02
1.269531697034835815e-01
2.568157315254211426e-01
1.001368686556816101e-01
3.363681137561798096e-01
2.149062752723693848e-01
-1.217107549309730530e-01
-2.240332514047622681e-01
1.356771737337112427e-01
2.798714637756347656e-01
1.302506029605865479e-01
2.140244245529174805e-01
-1.886035501956939697e-01
-2.368755787611007690e-01
1.846813037991523743e-02
2.772640287876129150e-01
-5.774144548922777176e-03
4.576107487082481384e-02
-2.254307717084884644e-01
-2.137894183397293091e-01
1.577547937631607056e-01
7.472971081733703613e-02
2.922721803188323975e-01
2.256761193275451660e-01
-8.491631597280502319e-02
7.352921366691589355e-02
1.845893859863281250e-01
1.538031250238418579e-01
2.787145972251892090e-01
2.973766326904296875e-01
-2.175500690937042236e-01
-2.762951254844665527e-01
-1.193342506885528564e-01
4.807228446006774902e-01
-2.424594908952713013e-01
1.360902339220046997e-01
-1.067318990826606750e-01
-3.892957568168640137e-01
-1.941119432449340820e-01
3.040773048996925354e-02
-1.815989315509796143e-01
-1.128986328840255737e-01
-2.249204665422439575e-01
2.397100776433944702e-01
-1.313537210226058960e-01
-1.963866502046585083e-02
-6.665914505720138550e-02
5.872404575347900391e-02
-3.465310037136077881e-01
-5.321517214179039001e-02
8.091475069522857666e-02
-2.967478893697261810e-02
3.035767972469329834e-01
1.933465152978897095e-01
-5.107529759407043457e-01
-1.621728017926216125e-02
-2.100609391927719116e-01
3.635794222354888916e-01
-3.323662877082824707e-01
9.597202390432357788e-02
-2.095805555582046509e-01
-2.018438726663589478e-01
-1.920918673276901245e-01
-5.231939628720283508e-02
-2.958901524543762207e-01
-1.153223365545272827e-01
1.314476039260625839e-02
-1.153524592518806458e-02
9.544791281223297119e-02
-5.116391181945800781e-01
1.344513613730669022e-02
-1.581458151340484619e-01
-1.093566119670867920e-01
2.305089235305786133e-01
2.127301692962646484e-01
-1.515154689550399780e-01
-1.879779994487762451e-02
-1.178943514823913574e-01
-3.872090280055999756e-01
1.993320286273956299e-01
-1.872305721044540405e-01
-3.611895442008972168e-02
-1.127941831946372986e-01
1.338282674551010132e-01
-4.517273306846618652e-01
1.026311516761779785e-01
-4.212787151336669922e-01
1.544371843338012695e-01
-3.117084205150604248e-01
-6.404357403516769409e-02
-2.036584727466106415e-02
-2.380479127168655396e-01
2.213887274265289307e-01
-5.388321727514266968e-02
-2.070906385779380798e-02
-8.594471961259841919e-02
5.542557314038276672e-02
-1.260341405868530273e-01
2.720189392566680908e-01
-8.229567110538482666e-02
7.538329064846038818e-02
-1.494428664445877075e-01
-1.913574039936065674e-01
-2.251778356730937958e-02
7.006484270095825195e-02
-5.264598876237869263e-03
